0
0
0
0
4665
13427
4917
2638
14312
13099
9838
12178
3654
382
8497
8944
1608
2936
9304
12210
2324
2324
2324
2324
2324
2324
2324
2324
2324
2324
2324
2324
2324
2324
2324
2324
2324
0
0
0
0
0
0
0
0
0
0
0
0
0
0
0
0
0
0
0
0
0
0
0
0
0
0
0
0
0
0
0
0
0
0
0
0
0
0
0
0
0
0
0
0
0
0
0
0
0
0
0
0
0
0
0
0
0
0
0
0
0
0
0
0
0
0
0
0
0
0
0
0
0
0
0
0
0
0
0
0
0
0
0
0
4917
2423
6035
5997
3209
14836
14613
1816
10406
14240
9523
566
12654
16433
1790
14613
9487
5760
1058
10840
10195
5119
9998
14641
6354
2324
2324
2324
2324
2324
2324
2324
2324
2324
2324
2324
2324
2324
2324
2324
2324
2324
2324
2324
2324
2324
2324
2324
2324
2324
2324
0
0
0
0
0
0
0
0
0
0
0
0
0
0
0
0
0
0
0
0
0
0
0
0
0
0
0
0
0
0
0
0
0
0
0
0
0
0
0
0
0
0
0
0
0
0
0
0
0
0
0
0
0
0
0
0
0
0
0
0
0
0
0
0
0
0
1058
2423
6354
5583
9511
9027
11851
6443
3177
2638
8951
15129
8497
12331
9642
2538
8942
5733
16352
3261
1421
2324
2324
2324
2324
2324
2324
2324
2324
2324
2324
2324
2324
2324
2324
2324
2324
2324
2324
2324
2324
2324
2324
0
0
0
0
0
0
0
0
0
0
0
0
0
0
0
0
0
0
0
0
0
0
0
0
0
0
0
0
0
0
0
0
0
0
0
0
0
0
0
0
0
0
0
0
0
0
0
0
0
0
0
0
0
0
0
0
0
0
0
0
0
0
0
0
0
0
0
0
0
0
0
0
0
0
2007
13103
8497
4766
4093
6892
12560
14613
15756
4251
14060
15159
2007
10535
2007
8309
8497
12899
4432
9511
2896
12151
2913
7031
6320
6694
2324
2324
2324
2324
2324
2324
2324
2324
2324
2324
2324
2324
2324
2324
2324
2324
2324
2324
2324
2324
2324
2324
2324
2324
2324
2324
2324
0
0
0
0
0
0
0
0
0
0
0
0
0
0
0
0
0
0
0
0
0
0
0
0
0
0
0
0
0
0
0
0
0
0
0
0
0
0
0
0
0
0
0
0
0
0
0
0
0
0
0
0
0
0
0
0
0
0
0
0
0
0
0
0
4753
6600
4917
5076
4498
5625
6930
12178
14125
1135
860
2006
2937
10773
3261
4917
7383
2324
2324
2324
2324
2324
2324
2324
2324
2324
2324
2324
2324
2324
2324
2324
2324
2324
2324
0
0
0
0
0
0
0
0
0
0
0
0
0
0
0
0
0
0
0
0
0
0
0
0
0
0
0
0
0
0
0
0
0
0
0
0
0
0
0
0
0
0
0
0
0
0
0
0
0
0
0
0
0
0
0
0
0
0
0
0
0
0
0
0
0
0
0
0
0
0
0
0
0
0
0
0
0
0
0
0
0
0
3253
10284
5078
16541
12178
9851
8427
11255
4917
4128
457
8951
4917
10137
4665
9498
9314
1972
589
3261
16096
8497
10650
270
14613
2920
15352
10349
2324
2324
2324
2324
2324
2324
2324
2324
2324
2324
2324
2324
2324
2324
2324
2324
2324
2324
2324
2324
2324
2324
2324
2324
2324
2324
2324
2324
2324
2324
0
0
0
0
0
0
0
0
0
0
0
0
0
0
0
0
0
0
0
0
0
0
0
0
0
0
0
0
0
0
0
0
0
0
0
0
0
0
0
0
0
0
0
0
0
0
0
0
0
0
0
0
0
0
0
0
0
0
0
4917
583
5074
12178
3650
860
13953
4083
3261
10359
3253
10284
8942
2913
6371
6107
12687
2324
2324
2324
2324
2324
2324
2324
2324
2324
2324
2324
2324
2324
2324
2324
2324
2324
2324
0
0
0
0
0
0
0
0
0
0
0
0
0
0
0
0
0
0
0
0
0
0
0
0
0
0
0
0
0
0
0
0
0
0
0
0
0
0
0
0
0
0
0
0
0
0
0
0
0
0
0
0
0
0
0
0
0
0
0
0
0
0
0
0
0
0
0
0
0
0
0
0
0
0
0
0
0
0
0
0
0
0
6443
4790
7206
8497
12331
2320
6035
7192
14613
13328
8497
14613
15118
7986
2009
11925
1144
2218
5625
15159
14554
4917
2212
13527
860
16011
14561
3261
5993
8497
10702
12178
6443
10192
15690
4917
10284
6035
11201
16446
14613
15959
8888
2324
2324
2324
2324
2324
2324
2324
2324
2324
2324
2324
2324
2324
2324
2324
2324
2324
2324
2324
2324
2324
2324
2324
2324
2324
2324
2324
2324
2324
2324
2324
2324
2324
2324
2324
2324
2324
2324
2324
2324
2324
2324
2324
0
0
0
0
0
0
0
0
0
0
0
0
0
0
0
0
0
0
0
0
0
0
0
0
0
0
0
0
0
0
0
3253
10671
806
8026
2335
20
14613
7805
8194
5286
6247
11167
2009
2660
14648
5078
2498
6443
1421
5886
13442
2324
2324
2324
2324
2324
2324
2324
2324
2324
2324
2324
2324
2324
2324
2324
2324
2324
2324
2324
2324
2324
2324
0
0
0
0
0
0
0
0
0
0
0
0
0
0
0
0
0
0
0
0
0
0
0
0
0
0
0
0
0
0
0
0
0
0
0
0
0
0
0
0
0
0
0
0
0
0
0
0
0
0
0
0
0
0
0
0
0
0
0
0
0
0
0
0
0
0
0
0
0
0
0
0
0
0
4753
8317
2394
14959
3182
1972
4917
14975
8497
2007
14554
3261
2335
13963
10517
4665
5625
5118
13963
2324
2324
2324
2324
2324
2324
2324
2324
2324
2324
2324
2324
2324
2324
2324
2324
2324
2324
2324
2324
2324
0
0
0
0
0
0
0
0
0
0
0
0
0
0
0
0
0
0
0
0
0
0
0
0
0
0
0
0
0
0
0
0
0
0
0
0
0
0
0
0
0
0
0
0
0
0
0
0
0
0
0
0
0
0
0
0
0
0
0
0
0
0
0
0
0
0
0
0
0
0
0
0
0
0
0
0
0
2006
8634
7517
14277
4917
10906
3261
2335
4878
2324
2324
2324
2324
2324
2324
2324
2324
2324
2324
0
0
0
0
0
0
0
0
0
0
0
0
0
0
0
0
0
0
0
0
0
0
0
0
0
0
0
0
0
0
0
0
0
0
0
0
0
0
0
0
0
0
0
0
0
0
0
0
0
0
0
0
0
0
0
0
0
0
0
0
0
0
0
0
0
0
0
0
0
0
0
0
0
0
0
0
0
0
0
0
0
0
0
0
0
0
0
0
0
0
0
0
0
0
0
0
0
0
3283
14293
4917
16301
14613
4106
1249
14613
12920
3261
14882
2324
2324
2324
2324
2324
2324
2324
2324
2324
2324
2324
2324
0
0
0
0
0
0
0
0
0
0
0
0
0
0
0
0
0
0
0
0
0
0
0
0
0
0
0
0
0
0
0
0
0
0
0
0
0
0
0
0
0
0
0
0
0
0
0
0
0
0
0
0
0
0
0
0
0
0
0
0
0
0
0
0
0
0
0
0
0
0
0
0
0
0
0
0
0
0
0
0
0
0
0
0
0
0
0
0
0
0
0
0
0
0
3253
8942
6443
3177
8818
860
6443
2638
8497
12331
7555
806
5292
4917
4531
8497
6006
8944
2007
6443
15424
860
15480
12673
9446
14613
4917
15015
3261
7623
12613
5625
2423
4541
6792
806
10820
15118
7828
14398
2324
2324
2324
2324
2324
2324
2324
2324
2324
2324
2324
2324
2324
2324
2324
2324
2324
2324
2324
2324
2324
2324
2324
2324
2324
2324
2324
2324
2324
2324
2324
2324
2324
2324
2324
2324
2324
2324
2324
2324
0
0
0
0
0
0
0
0
0
0
0
0
0
0
0
0
0
0
0
0
0
0
0
0
0
0
0
0
0
0
0
0
0
0
0
0
0
860
14554
2335
2574
14084
8497
1870
6818
3261
4917
14292
14292
5855
8942
15891
8497
8951
6443
921
8497
14234
5074
2324
2324
2324
2324
2324
2324
2324
2324
2324
2324
2324
2324
2324
2324
2324
2324
2324
2324
2324
2324
2324
2324
0
0
0
0
0
0
0
0
0
0
0
0
0
0
0
0
0
0
0
0
0
0
0
0
0
0
0
0
0
0
0
0
0
0
0
0
0
0
0
0
0
0
0
0
0
0
0
0
0
0
0
0
0
0
0
0
0
0
0
0
0
0
0
0
0
0
0
0
0
0
0
0
0
8944
6035
6443
10583
12178
2627
10731
10000
12273
4917
11179
1972
14345
10311
9604
8497
8641
91
14613
15133
3919
2324
2324
2324
2324
2324
2324
2324
2324
2324
2324
2324
2324
2324
2324
2324
2324
2324
2324
2324
2324
2324
2324
0
0
0
0
0
0
0
0
0
0
0
0
0
0
0
0
0
0
0
0
0
0
0
0
0
0
0
0
0
0
0
0
0
0
0
0
0
0
0
0
0
0
0
0
0
0
0
0
0
0
0
0
0
0
0
0
0
0
0
0
0
0
0
0
0
0
0
0
0
0
0
0
0
0
5036
8942
6443
10987
14613
5372
16333
14975
8497
2158
3261
12856
5625
3640
10841
14554
12331
4917
10840
10928
2324
2324
2324
2324
2324
2324
2324
2324
2324
2324
2324
2324
2324
2324
2324
2324
2324
2324
2324
2324
0
0
0
0
0
0
0
0
0
0
0
0
0
0
0
0
0
0
0
0
0
0
0
0
0
0
0
0
0
0
0
0
0
0
0
0
0
0
0
0
0
0
0
0
0
0
0
0
0
0
0
0
0
0
0
0
0
0
0
0
0
0
0
0
0
0
0
0
0
0
0
0
0
0
0
0
0
4917
3027
15159
4597
12178
4871
1972
8301
9922
5625
8317
14125
2936
13483
2324
2324
2324
2324
2324
2324
2324
2324
2324
2324
2324
2324
2324
2324
2324
0
0
0
0
0
0
0
0
0
0
0
0
0
0
0
0
0
0
0
0
0
0
0
0
0
0
0
0
0
0
0
0
0
0
0
0
0
0
0
0
0
0
0
0
0
0
0
0
0
0
0
0
0
0
0
0
0
0
0
0
0
0
0
0
0
0
0
0
0
0
0
0
0
0
0
0
0
0
0
0
0
0
0
0
0
0
0
0
6443
12746
3261
14262
1270
12676
15218
8497
8294
4917
2825
6296
3261
5115
6035
1508
14316
16274
2059
8944
2982
12206
12922
10871
14062
14559
2324
2324
2324
2324
2324
2324
2324
2324
2324
2324
2324
2324
2324
2324
2324
2324
2324
2324
2324
2324
2324
2324
2324
2324
2324
2324
2324
0
0
0
0
0
0
0
0
0
0
0
0
0
0
0
0
0
0
0
0
0
0
0
0
0
0
0
0
0
0
0
0
0
0
0
0
0
0
0
0
0
0
0
0
0
0
0
0
0
0
0
0
0
0
0
0
0
0
0
0
0
0
0
0
87
6035
6443
5574
14628
8431
4593
1972
10368
8497
9027
4665
2007
2490
12178
13579
6183
2324
2324
2324
2324
2324
2324
2324
2324
2324
2324
2324
2324
2324
2324
2324
2324
2324
2324
0
0
0
0
0
0
0
0
0
0
0
0
0
0
0
0
0
0
0
0
0
0
0
0
0
0
0
0
0
0
0
0
0
0
0
0
0
0
0
0
0
0
0
0
0
0
0
0
0
0
0
0
0
0
0
0
0
0
0
0
0
0
0
0
0
0
0
0
0
0
0
0
0
0
0
0
0
0
0
0
0
0
4917
14975
10854
1270
5549
2936
15805
12273
3530
1058
14613
5794
6354
8109
14613
16458
12331
5595
1151
5625
6183
3743
10007
6461
12331
7070
2212
10122
2007
12723
13505
8306
15492
11743
14398
2324
2324
2324
2324
2324
2324
2324
2324
2324
2324
2324
2324
2324
2324
2324
2324
2324
2324
2324
2324
2324
2324
2324
2324
2324
2324
2324
2324
2324
2324
2324
2324
2324
2324
2324
2324
0
0
0
0
0
0
0
0
0
0
0
0
0
0
0
0
0
0
0
0
0
0
0
0
0
0
0
0
0
0
0
0
0
0
0
0
0
0
0
0
0
0
0
0
0
0
9714
8497
14649
8748
12637
8944
6035
1270
8798
8944
6035
10625
8497
12331
5733
8958
6183
7496
8951
14398
6443
5615
2324
2324
2324
2324
2324
2324
2324
2324
2324
2324
2324
2324
2324
2324
2324
2324
2324
2324
2324
2324
2324
2324
2324
0
0
0
0
0
0
0
0
0
0
0
0
0
0
0
0
0
0
0
0
0
0
0
0
0
0
0
0
0
0
0
0
0
0
0
0
0
0
0
0
0
0
0
0
0
0
0
0
0
0
0
0
0
0
0
0
0
0
0
0
0
0
0
0
0
0
0
0
0
0
0
0
3253
8942
1421
3261
4917
10840
1768
16276
14613
4113
15324
5335
8951
10310
13627
8497
14613
8951
12954
3261
15179
14721
6359
8497
1331
6035
583
8951
2212
528
6443
3628
2324
2324
2324
2324
2324
2324
2324
2324
2324
2324
2324
2324
2324
2324
2324
2324
2324
2324
2324
2324
2324
2324
2324
2324
2324
2324
2324
2324
2324
2324
2324
2324
2324
0
0
0
0
0
0
0
0
0
0
0
0
0
0
0
0
0
0
0
0
0
0
0
0
0
0
0
0
0
0
0
0
0
0
0
0
0
0
0
0
0
0
0
0
0
0
0
0
0
0
0
0
8294
8958
11562
15308
8942
2394
9546
8497
1940
2638
8942
2394
8798
2324
2324
2324
2324
2324
2324
2324
2324
2324
2324
2324
2324
2324
2324
0
0
0
0
0
0
0
0
0
0
0
0
0
0
0
0
0
0
0
0
0
0
0
0
0
0
0
0
0
0
0
0
0
0
0
0
0
0
0
0
0
0
0
0
0
0
0
0
0
0
0
0
0
0
0
0
0
0
0
0
0
0
0
0
0
0
0
0
0
0
0
0
0
0
0
0
0
0
0
0
0
0
0
0
0
0
0
0
0
0
8944
6035
2006
173
3261
10255
8497
14756
5251
5625
13561
8497
12980
2335
9047
14561
3261
5110
8468
8497
8951
5153
2154
12178
4917
10749
9088
12624
4249
3261
4917
2423
6035
789
2158
12124
2324
2324
2324
2324
2324
2324
2324
2324
2324
2324
2324
2324
2324
2324
2324
2324
2324
2324
2324
2324
2324
2324
2324
2324
2324
2324
2324
2324
2324
2324
2324
2324
2324
2324
2324
2324
0
0
0
0
0
0
0
0
0
0
0
0
0
0
0
0
0
0
0
0
0
0
0
0
0
0
0
0
0
0
0
0
0
0
0
0
0
0
0
0
0
0
0
0
0
7282
2007
16394
7531
8497
1972
589
3261
1564
12331
6247
9690
8951
4917
5074
3261
13652
2324
2324
2324
2324
2324
2324
2324
2324
2324
2324
2324
2324
2324
2324
2324
2324
2324
2324
0
0
0
0
0
0
0
0
0
0
0
0
0
0
0
0
0
0
0
0
0
0
0
0
0
0
0
0
0
0
0
0
0
0
0
0
0
0
0
0
0
0
0
0
0
0
0
0
0
0
0
0
0
0
0
0
0
0
0
0
0
0
0
0
0
0
0
0
0
0
0
0
0
0
0
0
0
0
0
0
0
0
4665
13427
4917
2638
14312
13099
9838
12178
3654
382
8497
8944
1608
2936
9304
12210
2324
2324
2324
2324
2324
2324
2324
2324
2324
2324
2324
2324
2324
2324
2324
2324
2324
0
0
0
0
0
0
0
0
0
0
0
0
0
0
0
0
0
0
0
0
0
0
0
0
0
0
0
0
0
0
0
0
0
0
0
0
0
0
0
0
0
0
0
0
0
0
0
0
0
0
0
0
0
0
0
0
0
0
0
0
0
0
0
0
0
0
0
0
0
0
0
0
0
0
0
0
0
0
0
0
0
0
0
0
14294
2212
2913
13283
528
5372
8497
15118
14975
7752
15813
3261
13006
2324
2324
2324
2324
2324
2324
2324
2324
2324
2324
2324
2324
2324
2324
0
0
0
0
0
0
0
0
0
0
0
0
0
0
0
0
0
0
0
0
0
0
0
0
0
0
0
0
0
0
0
0
0
0
0
0
0
0
0
0
0
0
0
0
0
0
0
0
0
0
0
0
0
0
0
0
0
0
0
0
0
0
0
0
0
0
0
0
0
0
0
0
0
0
0
0
0
0
0
0
0
0
0
0
0
0
0
0
0
0
12818
12898
14613
12818
521
13457
11066
12178
2896
5745
12929
2324
2324
2324
2324
2324
2324
2324
2324
2324
2324
2324
2324
0
0
0
0
0
0
0
0
0
0
0
0
0
0
0
0
0
0
0
0
0
0
0
0
0
0
0
0
0
0
0
0
0
0
0
0
0
0
0
0
0
0
0
0
0
0
0
0
0
0
0
0
0
0
0
0
0
0
0
0
0
0
0
0
0
0
0
0
0
0
0
0
0
0
0
0
0
0
0
0
0
0
0
0
0
0
0
0
0
0
0
0
0
0
6443
1793
11477
8951
12491
2324
2324
2324
2324
2324
2324
0
0
0
0
0
0
0
0
0
0
0
0
0
0
0
0
0
0
0
0
0
0
0
0
0
0
0
0
0
0
0
0
0
0
0
0
0
0
0
0
0
0
0
0
0
0
0
0
0
0
0
0
0
0
0
0
0
0
0
0
0
0
0
0
0
0
0
0
0
0
0
0
0
0
0
0
0
0
0
0
0
0
0
0
0
0
0
0
0
0
0
0
0
0
0
0
0
0
0
0
0
0
0
0
0
0
6443
10705
12398
10596
4917
11333
3261
1108
7783
5625
45
11716
806
11201
15660
1972
8944
3940
9598
6443
6312
8497
15048
10841
2324
2324
2324
2324
2324
2324
2324
2324
2324
2324
2324
2324
2324
2324
2324
2324
2324
2324
2324
2324
2324
2324
2324
2324
2324
2324
0
0
0
0
0
0
0
0
0
0
0
0
0
0
0
0
0
0
0
0
0
0
0
0
0
0
0
0
0
0
0
0
0
0
0
0
0
0
0
0
0
0
0
0
0
0
0
0
0
0
0
0
0
0
0
0
0
0
0
0
0
0
0
0
0
0
0
2006
3791
6117
2738
4301
305
5625
8829
2212
3261
10625
7686
528
11497
2324
2324
2324
2324
2324
2324
2324
2324
2324
2324
2324
2324
2324
0
0
0
0
0
0
0
0
0
0
0
0
0
0
0
0
0
0
0
0
0
0
0
0
0
0
0
0
0
0
0
0
0
0
0
0
0
0
0
0
0
0
0
0
0
0
0
0
0
0
0
0
0
0
0
0
0
0
0
0
0
0
0
0
0
0
0
0
0
0
0
0
0
0
0
0
0
0
0
0
0
0
0
0
0
0
0
0
0
0
6892
2233
12815
860
8959
367
8497
1972
5733
6443
15745
3543
838
1135
4917
5074
2324
2324
2324
2324
2324
2324
2324
2324
2324
2324
2324
2324
2324
2324
2324
2324
0
0
0
0
0
0
0
0
0
0
0
0
0
0
0
0
0
0
0
0
0
0
0
0
0
0
0
0
0
0
0
0
0
0
0
0
0
0
0
0
0
0
0
0
0
0
0
0
0
0
0
0
0
0
0
0
0
0
0
0
0
0
0
0
0
0
0
0
0
0
0
0
0
0
0
0
0
0
0
0
0
0
0
0
0
14438
6035
15074
13129
12273
3253
10284
9044
860
4917
1535
8951
16064
8944
12960
4874
7017
12153
2324
2324
2324
2324
2324
2324
2324
2324
2324
2324
2324
2324
2324
2324
2324
2324
2324
2324
2324
0
0
0
0
0
0
0
0
0
0
0
0
0
0
0
0
0
0
0
0
0
0
0
0
0
0
0
0
0
0
0
0
0
0
0
0
0
0
0
0
0
0
0
0
0
0
0
0
0
0
0
0
0
0
0
0
0
0
0
0
0
0
0
0
0
0
0
0
0
0
0
0
0
0
0
0
0
0
0
0
1058
5089
8942
6354
5808
14613
6413
5836
8497
9005
15407
12178
7874
2638
3511
14613
13163
4543
2324
2324
2324
2324
2324
2324
2324
2324
2324
2324
2324
2324
2324
2324
2324
2324
2324
2324
2324
0
0
0
0
0
0
0
0
0
0
0
0
0
0
0
0
0
0
0
0
0
0
0
0
0
0
0
0
0
0
0
0
0
0
0
0
0
0
0
0
0
0
0
0
0
0
0
0
0
0
0
0
0
0
0
0
0
0
0
0
0
0
0
0
0
0
0
0
0
0
0
0
0
0
0
0
0
0
0
0
12206
10840
9716
8497
8944
6360
14648
679
2663
1022
8497
3466
8944
14613
9346
2212
13167
8497
2212
11704
8497
2212
3674
8951
8459
12178
6666
2335
3200
2324
2324
2324
2324
2324
2324
2324
2324
2324
2324
2324
2324
2324
2324
2324
2324
2324
2324
2324
2324
2324
2324
2324
2324
2324
2324
2324
2324
2324
2324
0
0
0
0
0
0
0
0
0
0
0
0
0
0
0
0
0
0
0
0
0
0
0
0
0
0
0
0
0
0
0
0
0
0
0
0
0
0
0
0
0
0
0
0
0
0
0
0
0
0
0
0
0
0
0
0
0
0
9878
8497
8951
15118
10840
12858
5470
9106
1637
9776
8497
16224
8294
4917
15257
3862
8951
4917
1169
238
3261
15118
7339
2324
2324
2324
2324
2324
2324
2324
2324
2324
2324
2324
2324
2324
2324
2324
2324
2324
2324
2324
2324
2324
2324
2324
0
0
0
0
0
0
0
0
0
0
0
0
0
0
0
0
0
0
0
0
0
0
0
0
0
0
0
0
0
0
0
0
0
0
0
0
0
0
0
0
0
0
0
0
0
0
0
0
0
0
0
0
0
0
0
0
0
0
0
0
0
0
0
0
0
0
0
0
0
0
0
6880
14613
2243
10284
8497
12331
9996
3261
6183
16074
2770
4917
16373
15159
8289
12178
2896
10122
2324
2324
2324
2324
2324
2324
2324
2324
2324
2324
2324
2324
2324
2324
2324
2324
2324
2324
2324
0
0
0
0
0
0
0
0
0
0
0
0
0
0
0
0
0
0
0
0
0
0
0
0
0
0
0
0
0
0
0
0
0
0
0
0
0
0
0
0
0
0
0
0
0
0
0
0
0
0
0
0
0
0
0
0
0
0
0
0
0
0
0
0
0
0
0
0
0
0
0
0
0
0
0
0
0
0
0
0
4917
10284
8942
11066
6443
11333
3261
10628
3276
14025
8497
1421
5625
144
107
11695
14063
9142
6247
8497
6247
6117
2324
2324
2324
2324
2324
2324
2324
2324
2324
2324
2324
2324
2324
2324
2324
2324
2324
2324
2324
2324
2324
2324
2324
0
0
0
0
0
0
0
0
0
0
0
0
0
0
0
0
0
0
0
0
0
0
0
0
0
0
0
0
0
0
0
0
0
0
0
0
0
0
0
0
0
0
0
0
0
0
0
0
0
0
0
0
0
0
0
0
0
0
0
0
0
0
0
0
0
0
0
0
0
0
0
0
1058
2006
6354
3423
10263
3298
2324
2324
2324
2324
2324
2324
2324
0
0
0
0
0
0
0
0
0
0
0
0
0
0
0
0
0
0
0
0
0
0
0
0
0
0
0
0
0
0
0
0
0
0
0
0
0
0
0
0
0
0
0
0
0
0
0
0
0
0
0
0
0
0
0
0
0
0
0
0
0
0
0
0
0
0
0
0
0
0
0
0
0
0
0
0
0
0
0
0
0
0
0
0
0
0
0
0
0
0
0
0
0
0
0
0
0
0
0
0
0
0
0
0
10625
860
6443
15745
1230
8427
8497
1180
2711
9050
5873
5078
6955
16541
860
4917
1180
13109
5873
847
8497
848
16074
12475
1946
2183
14277
4917
6018
3261
16243
10689
8497
12689
8497
14613
14181
2324
2324
2324
2324
2324
2324
2324
2324
2324
2324
2324
2324
2324
2324
2324
2324
2324
2324
2324
2324
2324
2324
2324
2324
2324
2324
2324
2324
2324
2324
2324
2324
2324
2324
2324
2324
2324
2324
0
0
0
0
0
0
0
0
0
0
0
0
0
0
0
0
0
0
0
0
0
0
0
0
0
0
0
0
0
0
0
0
0
0
0
0
0
0
0
0
0
0
5486
6443
2638
12331
6443
5327
2183
680
14267
1270
7883
14613
6855
8497
8944
6035
12101
2763
2324
2324
2324
2324
2324
2324
2324
2324
2324
2324
2324
2324
2324
2324
2324
2324
2324
2324
0
0
0
0
0
0
0
0
0
0
0
0
0
0
0
0
0
0
0
0
0
0
0
0
0
0
0
0
0
0
0
0
0
0
0
0
0
0
0
0
0
0
0
0
0
0
0
0
0
0
0
0
0
0
0
0
0
0
0
0
0
0
0
0
0
0
0
0
0
0
0
0
0
0
0
0
0
0
0
0
0
16158
4917
11481
3261
4917
6937
15210
434
1972
4917
4876
3261
318
6551
4917
16343
12178
11004
6443
7543
12193
14613
2034
2638
2324
2324
2324
2324
2324
2324
2324
2324
2324
2324
2324
2324
2324
2324
2324
2324
2324
2324
2324
2324
2324
2324
2324
2324
2324
2324
0
0
0
0
0
0
0
0
0
0
0
0
0
0
0
0
0
0
0
0
0
0
0
0
0
0
0
0
0
0
0
0
0
0
0
0
0
0
0
0
0
0
0
0
0
0
0
0
0
0
0
0
0
0
0
0
0
0
0
0
0
0
0
0
0
0
0
8944
6943
2006
845
1022
1376
8497
8944
6035
5486
6413
2057
14613
8944
6035
14772
6228
12331
6183
4665
11851
12178
1151
4917
11174
8497
7636
8497
937
2638
12601
11174
14601
9766
11648
2324
2324
2324
2324
2324
2324
2324
2324
2324
2324
2324
2324
2324
2324
2324
2324
2324
2324
2324
2324
2324
2324
2324
2324
2324
2324
2324
2324
2324
2324
2324
2324
2324
2324
2324
2324
0
0
0
0
0
0
0
0
0
0
0
0
0
0
0
0
0
0
0
0
0
0
0
0
0
0
0
0
0
0
0
0
0
0
0
0
0
0
0
0
0
0
0
0
0
0
860
6443
10625
12321
3261
2335
10062
1022
8497
6664
8942
2006
234
14613
10183
485
2324
2324
2324
2324
2324
2324
2324
2324
2324
2324
2324
2324
2324
2324
2324
2324
2324
0
0
0
0
0
0
0
0
0
0
0
0
0
0
0
0
0
0
0
0
0
0
0
0
0
0
0
0
0
0
0
0
0
0
0
0
0
0
0
0
0
0
0
0
0
0
0
0
0
0
0
0
0
0
0
0
0
0
0
0
0
0
0
0
0
0
0
0
0
0
0
0
0
0
0
0
0
0
0
0
0
0
0
0
14438
15159
6443
15745
8427
14613
15756
2876
13232
10867
12273
8497
12331
5486
9838
12178
8965
3253
1198
2212
528
4523
11174
2738
527
2324
2324
2324
2324
2324
2324
2324
2324
2324
2324
2324
2324
2324
2324
2324
2324
2324
2324
2324
2324
2324
2324
2324
2324
2324
0
0
0
0
0
0
0
0
0
0
0
0
0
0
0
0
0
0
0
0
0
0
0
0
0
0
0
0
0
0
0
0
0
0
0
0
0
0
0
0
0
0
0
0
0
0
0
0
0
0
0
0
0
0
0
0
0
0
0
0
0
0
0
0
0
0
0
15616
2982
438
12206
589
3261
16583
5076
8412
5625
2395
12178
594
16490
8739
1972
3092
7138
2324
2324
2324
2324
2324
2324
2324
2324
2324
2324
2324
2324
2324
2324
2324
2324
2324
2324
2324
0
0
0
0
0
0
0
0
0
0
0
0
0
0
0
0
0
0
0
0
0
0
0
0
0
0
0
0
0
0
0
0
0
0
0
0
0
0
0
0
0
0
0
0
0
0
0
0
0
0
0
0
0
0
0
0
0
0
0
0
0
0
0
0
0
0
0
0
0
0
0
0
0
0
0
0
0
0
0
0
5486
1270
655
2763
2007
5226
14759
9546
8497
8944
6035
2158
3261
15348
1421
11366
8497
5486
1385
14066
8497
14613
6443
2490
2080
14216
5625
1487
4203
2324
2324
2324
2324
2324
2324
2324
2324
2324
2324
2324
2324
2324
2324
2324
2324
2324
2324
2324
2324
2324
2324
2324
2324
2324
2324
2324
0
0
0
0
0
0
0
0
0
0
0
0
0
0
0
0
0
0
0
0
0
0
0
0
0
0
0
0
0
0
0
0
0
0
0
0
0
0
0
0
0
0
0
0
0
0
0
0
0
0
0
0
0
0
0
0
0
0
0
0
0
13928
8497
10044
12559
1700
12178
12234
4917
10043
15015
3261
12445
8951
2335
16493
10042
15886
12331
3253
6859
806
12791
13097
1253
8098
1972
8499
13500
14613
7652
7339
2324
2324
2324
2324
2324
2324
2324
2324
2324
2324
2324
2324
2324
2324
2324
2324
2324
2324
2324
2324
2324
2324
2324
2324
2324
2324
2324
2324
2324
2324
2324
2324
0
0
0
0
0
0
0
0
0
0
0
0
0
0
0
0
0
0
0
0
0
0
0
0
0
0
0
0
0
0
0
0
0
0
0
0
0
0
0
0
0
0
0
0
0
0
0
0
0
0
0
0
0
0
2006
11201
7965
16037
8497
7921
9901
3261
6443
9204
8228
865
6864
8942
10797
1972
6443
4082
6291
13035
2324
2324
2324
2324
2324
2324
2324
2324
2324
2324
2324
2324
2324
2324
2324
2324
2324
2324
2324
0
0
0
0
0
0
0
0
0
0
0
0
0
0
0
0
0
0
0
0
0
0
0
0
0
0
0
0
0
0
0
0
0
0
0
0
0
0
0
0
0
0
0
0
0
0
0
0
0
0
0
0
0
0
0
0
0
0
0
0
0
0
0
0
0
0
0
0
0
0
0
0
0
0
0
0
0
0
14277
6443
6320
14978
14613
3035
10689
8497
8395
1176
5363
5416
4917
10043
12422
4401
290
2007
16135
6107
1918
6035
8050
10271
2324
2324
2324
2324
2324
2324
2324
2324
2324
2324
2324
2324
2324
2324
2324
2324
2324
2324
2324
2324
2324
2324
2324
2324
0
0
0
0
0
0
0
0
0
0
0
0
0
0
0
0
0
0
0
0
0
0
0
0
0
0
0
0
0
0
0
0
0
0
0
0
0
0
0
0
0
0
0
0
0
0
0
0
0
0
0
0
0
0
0
0
0
0
0
0
0
0
0
0
0
0
0
0
0
540
4898
10509
3261
4917
10841
14413
4811
5625
14848
7557
6443
2212
10276
10137
8294
15258
5142
8951
15118
10014
9037
2324
2324
2324
2324
2324
2324
2324
2324
2324
2324
2324
2324
2324
2324
2324
2324
2324
2324
2324
2324
2324
2324
2324
0
0
0
0
0
0
0
0
0
0
0
0
0
0
0
0
0
0
0
0
0
0
0
0
0
0
0
0
0
0
0
0
0
0
0
0
0
0
0
0
0
0
0
0
0
0
0
0
0
0
0
0
0
0
0
0
0
0
0
0
0
0
0
0
0
0
0
0
0
0
0
0
4917
6702
3378
8951
4917
13886
5321
8497
13886
13155
8942
9807
3861
1621
14613
3126
528
4917
2663
10481
8497
8289
16412
655
3261
4917
8288
5042
8942
2618
8951
6443
3911
11603
1597
13886
3437
8951
15566
2324
2324
2324
2324
2324
2324
2324
2324
2324
2324
2324
2324
2324
2324
2324
2324
2324
2324
2324
2324
2324
2324
2324
2324
2324
2324
2324
2324
2324
2324
2324
2324
2324
2324
2324
2324
2324
2324
2324
2324
0
0
0
0
0
0
0
0
0
0
0
0
0
0
0
0
0
0
0
0
0
0
0
0
0
0
0
0
0
0
0
0
0
0
0
0
0
0
4917
10964
860
3253
10130
3298
6796
7196
1139
6
15807
6868
14613
6443
6128
3261
7567
8951
8497
12331
4917
10284
12585
11851
13097
14024
8951
4917
11598
3261
6443
11403
3569
2324
2324
2324
2324
2324
2324
2324
2324
2324
2324
2324
2324
2324
2324
2324
2324
2324
2324
2324
2324
2324
2324
2324
2324
2324
2324
2324
2324
2324
2324
2324
2324
2324
2324
0
0
0
0
0
0
0
0
0
0
0
0
0
0
0
0
0
0
0
0
0
0
0
0
0
0
0
0
0
0
0
0
0
0
0
0
0
0
0
0
0
0
0
0
0
0
0
0
0
0
11319
14613
3813
8942
1270
11340
351
11594
8497
8944
8881
14597
2212
16494
2101
12178
8948
2324
2324
2324
2324
2324
2324
2324
2324
2324
2324
2324
2324
2324
2324
2324
2324
2324
0
0
0
0
0
0
0
0
0
0
0
0
0
0
0
0
0
0
0
0
0
0
0
0
0
0
0
0
0
0
0
0
0
0
0
0
0
0
0
0
0
0
0
0
0
0
0
0
0
0
0
0
0
0
0
0
0
0
0
0
0
0
0
0
0
0
0
0
0
0
0
0
0
0
0
0
0
0
0
0
0
0
0
2111
13919
4093
8942
6443
10625
13782
860
6443
2638
3253
4638
11345
14613
14716
2324
2324
2324
2324
2324
2324
2324
2324
2324
2324
2324
2324
2324
2324
2324
2324
0
0
0
0
0
0
0
0
0
0
0
0
0
0
0
0
0
0
0
0
0
0
0
0
0
0
0
0
0
0
0
0
0
0
0
0
0
0
0
0
0
0
0
0
0
0
0
0
0
0
0
0
0
0
0
0
0
0
0
0
0
0
0
0
0
0
0
0
0
0
0
0
0
0
0
0
0
0
0
0
0
0
0
0
0
0
12158
2982
6443
15576
5180
860
2335
7357
14980
14417
8497
12331
14094
1658
8951
6007
2324
2324
2324
2324
2324
2324
2324
2324
2324
2324
2324
2324
2324
2324
2324
2324
2324
0
0
0
0
0
0
0
0
0
0
0
0
0
0
0
0
0
0
0
0
0
0
0
0
0
0
0
0
0
0
0
0
0
0
0
0
0
0
0
0
0
0
0
0
0
0
0
0
0
0
0
0
0
0
0
0
0
0
0
0
0
0
0
0
0
0
0
0
0
0
0
0
0
0
0
0
0
0
0
0
0
0
0
0
7031
16243
3027
14896
11174
200
3836
16011
11955
2324
2324
2324
2324
2324
2324
2324
2324
2324
2324
0
0
0
0
0
0
0
0
0
0
0
0
0
0
0
0
0
0
0
0
0
0
0
0
0
0
0
0
0
0
0
0
0
0
0
0
0
0
0
0
0
0
0
0
0
0
0
0
0
0
0
0
0
0
0
0
0
0
0
0
0
0
0
0
0
0
0
0
0
0
0
0
0
0
0
0
0
0
0
0
0
0
0
0
0
0
0
0
0
0
0
0
0
0
0
0
0
0
1597
2663
1022
14066
14589
15935
3261
11533
6035
667
14975
8497
16064
14361
2006
3401
9990
10596
2972
8497
87
4917
9755
1221
6618
6955
14246
10147
2324
2324
2324
2324
2324
2324
2324
2324
2324
2324
2324
2324
2324
2324
2324
2324
2324
2324
2324
2324
2324
2324
2324
2324
2324
2324
2324
2324
2324
0
0
0
0
0
0
0
0
0
0
0
0
0
0
0
0
0
0
0
0
0
0
0
0
0
0
0
0
0
0
0
0
0
0
0
0
0
0
0
0
0
0
0
0
0
0
0
0
0
0
0
0
0
0
0
0
0
0
0
0
7151
15831
8942
6443
2435
4039
8951
9823
3400
8497
12331
4917
10284
14344
3253
12169
14679
12178
16058
9446
2324
2324
2324
2324
2324
2324
2324
2324
2324
2324
2324
2324
2324
2324
2324
2324
2324
2324
2324
2324
2324
0
0
0
0
0
0
0
0
0
0
0
0
0
0
0
0
0
0
0
0
0
0
0
0
0
0
0
0
0
0
0
0
0
0
0
0
0
0
0
0
0
0
0
0
0
0
0
0
0
0
0
0
0
0
0
0
0
0
0
0
0
0
0
0
0
0
0
0
0
0
0
0
0
0
0
0
13816
4917
434
5817
9903
2007
5073
8497
1213
8497
10808
8497
818
5323
10137
10708
12178
9888
8497
2111
14648
6035
4917
10986
2673
4093
2324
2324
2324
2324
2324
2324
2324
2324
2324
2324
2324
2324
2324
2324
2324
2324
2324
2324
2324
2324
2324
2324
2324
2324
2324
2324
0
0
0
0
0
0
0
0
0
0
0
0
0
0
0
0
0
0
0
0
0
0
0
0
0
0
0
0
0
0
0
0
0
0
0
0
0
0
0
0
0
0
0
0
0
0
0
0
0
0
0
0
0
0
0
0
0
0
0
0
0
0
0
0
0
12818
8607
8497
12818
15495
14613
12818
15293
2913
16352
8497
9317
4523
11701
15712
5625
4917
1920
7848
806
7062
2936
6443
864
16228
5625
10585
5363
5486
9441
12673
8497
11564
12439
14413
2545
10596
2324
2324
2324
2324
2324
2324
2324
2324
2324
2324
2324
2324
2324
2324
2324
2324
2324
2324
2324
2324
2324
2324
2324
2324
2324
2324
2324
2324
2324
2324
2324
2324
2324
2324
2324
2324
2324
2324
0
0
0
0
0
0
0
0
0
0
0
0
0
0
0
0
0
0
0
0
0
0
0
0
0
0
0
0
0
0
0
0
0
0
0
0
0
0
0
0
0
0
7955
4681
10007
9670
7955
10134
13097
2007
12691
14613
6965
2913
2006
8223
10284
6216
2718
16216
6035
10957
9524
2324
2324
2324
2324
2324
2324
2324
2324
2324
2324
2324
2324
2324
2324
2324
2324
2324
2324
2324
2324
2324
2324
0
0
0
0
0
0
0
0
0
0
0
0
0
0
0
0
0
0
0
0
0
0
0
0
0
0
0
0
0
0
0
0
0
0
0
0
0
0
0
0
0
0
0
0
0
0
0
0
0
0
0
0
0
0
0
0
0
0
0
0
0
0
0
0
0
0
0
0
0
0
0
0
0
0
8943
860
4917
5797
3261
4917
849
2324
2324
2324
2324
2324
2324
2324
2324
0
0
0
0
0
0
0
0
0
0
0
0
0
0
0
0
0
0
0
0
0
0
0
0
0
0
0
0
0
0
0
0
0
0
0
0
0
0
0
0
0
0
0
0
0
0
0
0
0
0
0
0
0
0
0
0
0
0
0
0
0
0
0
0
0
0
0
0
0
0
0
0
0
0
0
0
0
0
0
0
0
0
0
0
0
0
0
0
0
0
0
0
0
0
0
0
0
0
0
0
0
0
12273
2007
9891
14613
420
2007
4917
7420
2009
6107
13656
9208
10596
2324
2324
2324
2324
2324
2324
2324
2324
2324
2324
2324
2324
2324
2324
0
0
0
0
0
0
0
0
0
0
0
0
0
0
0
0
0
0
0
0
0
0
0
0
0
0
0
0
0
0
0
0
0
0
0
0
0
0
0
0
0
0
0
0
0
0
0
0
0
0
0
0
0
0
0
0
0
0
0
0
0
0
0
0
0
0
0
0
0
0
0
0
0
0
0
0
0
0
0
0
0
0
0
0
0
0
0
0
0
0
8958
7955
15724
9738
2763
1058
9838
6354
14413
6073
1058
9838
6354
4418
8944
12557
2896
743
10987
12178
14925
4917
314
229
8944
6035
6137
12178
6735
11255
4917
11080
10425
2324
2324
2324
2324
2324
2324
2324
2324
2324
2324
2324
2324
2324
2324
2324
2324
2324
2324
2324
2324
2324
2324
2324
2324
2324
2324
2324
2324
2324
2324
2324
2324
2324
2324
0
0
0
0
0
0
0
0
0
0
0
0
0
0
0
0
0
0
0
0
0
0
0
0
0
0
0
0
0
0
0
0
0
0
0
0
0
0
0
0
0
0
0
0
0
0
0
0
0
0
4917
5733
9664
8951
4292
14613
4188
5625
6183
11851
10007
8696
8487
8942
6443
3477
14175
6443
13449
10294
8031
4127
7065
3748
15935
3261
13888
3261
12209
5637
2324
2324
2324
2324
2324
2324
2324
2324
2324
2324
2324
2324
2324
2324
2324
2324
2324
2324
2324
2324
2324
2324
2324
2324
2324
2324
2324
2324
2324
2324
0
0
0
0
0
0
0
0
0
0
0
0
0
0
0
0
0
0
0
0
0
0
0
0
0
0
0
0
0
0
0
0
0
0
0
0
0
0
0
0
0
0
0
0
0
0
0
0
0
0
0
0
0
0
0
0
0
10461
2335
11266
14554
12673
4917
1637
8497
5860
2335
10137
14613
13167
12178
2183
5625
6743
5486
5733
10191
8497
12331
2518
1270
3543
6183
5363
2627
4917
14169
4093
11795
6214
2324
2324
2324
2324
2324
2324
2324
2324
2324
2324
2324
2324
2324
2324
2324
2324
2324
2324
2324
2324
2324
2324
2324
2324
2324
2324
2324
2324
2324
2324
2324
2324
2324
2324
0
0
0
0
0
0
0
0
0
0
0
0
0
0
0
0
0
0
0
0
0
0
0
0
0
0
0
0
0
0
0
0
0
0
0
0
0
0
0
0
0
0
0
0
0
0
0
0
0
0
12266
8944
6035
6443
11181
8787
14613
5250
8497
3253
3980
1750
6107
5448
8951
6443
5074
15745
1110
1176
4681
2324
2324
2324
2324
2324
2324
2324
2324
2324
2324
2324
2324
2324
2324
2324
2324
2324
2324
2324
2324
2324
2324
0
0
0
0
0
0
0
0
0
0
0
0
0
0
0
0
0
0
0
0
0
0
0
0
0
0
0
0
0
0
0
0
0
0
0
0
0
0
0
0
0
0
0
0
0
0
0
0
0
0
0
0
0
0
0
0
0
0
0
0
0
0
0
0
0
0
0
0
0
0
0
0
0
0
2009
9672
8497
4917
2876
3261
6443
5585
9524
5517
6443
10284
8942
3423
8497
12331
2007
4917
10284
13564
14398
8497
4917
5886
8842
3259
2324
2324
2324
2324
2324
2324
2324
2324
2324
2324
2324
2324
2324
2324
2324
2324
2324
2324
2324
2324
2324
2324
2324
2324
2324
2324
2324
0
0
0
0
0
0
0
0
0
0
0
0
0
0
0
0
0
0
0
0
0
0
0
0
0
0
0
0
0
0
0
0
0
0
0
0
0
0
0
0
0
0
0
0
0
0
0
0
0
0
0
0
0
0
0
0
0
0
0
0
0
0
0
0
8944
4022
7031
11687
14613
13383
6061
8497
12331
12450
8951
2335
2842
860
8901
10208
2324
2324
2324
2324
2324
2324
2324
2324
2324
2324
2324
2324
2324
2324
2324
2324
2324
0
0
0
0
0
0
0
0
0
0
0
0
0
0
0
0
0
0
0
0
0
0
0
0
0
0
0
0
0
0
0
0
0
0
0
0
0
0
0
0
0
0
0
0
0
0
0
0
0
0
0
0
0
0
0
0
0
0
0
0
0
0
0
0
0
0
0
0
0
0
0
0
0
0
0
0
0
0
0
0
0
0
0
0
6443
1468
829
11266
8951
16064
4917
5505
3261
10024
10207
15159
14554
4917
2212
5895
860
4917
1557
7342
5625
806
313
4419
2324
2324
2324
2324
2324
2324
2324
2324
2324
2324
2324
2324
2324
2324
2324
2324
2324
2324
2324
2324
2324
2324
2324
2324
2324
0
0
0
0
0
0
0
0
0
0
0
0
0
0
0
0
0
0
0
0
0
0
0
0
0
0
0
0
0
0
0
0
0
0
0
0
0
0
0
0
0
0
0
0
0
0
0
0
0
0
0
0
0
0
0
0
0
0
0
0
0
0
0
0
0
0
0
0
4917
5926
5942
3261
603
8951
7178
7824
2006
14554
1022
6117
8951
13969
11308
8497
8228
15677
11856
10776
5625
15767
6035
5386
5363
15550
2982
13953
4029
8951
10689
8497
12689
14413
14181
2324
2324
2324
2324
2324
2324
2324
2324
2324
2324
2324
2324
2324
2324
2324
2324
2324
2324
2324
2324
2324
2324
2324
2324
2324
2324
2324
2324
2324
2324
2324
2324
2324
2324
2324
0
0
0
0
0
0
0
0
0
0
0
0
0
0
0
0
0
0
0
0
0
0
0
0
0
0
0
0
0
0
0
0
0
0
0
0
0
0
0
0
0
0
0
0
0
0
0
11201
10795
14613
13714
12178
3410
8497
12331
1579
14613
5143
6035
10663
6694
11001
3253
14597
4197
4917
13528
3261
4917
12162
12221
11901
2638
2324
2324
2324
2324
2324
2324
2324
2324
2324
2324
2324
2324
2324
2324
2324
2324
2324
2324
2324
2324
2324
2324
2324
2324
2324
2324
2324
0
0
0
0
0
0
0
0
0
0
0
0
0
0
0
0
0
0
0
0
0
0
0
0
0
0
0
0
0
0
0
0
0
0
0
0
0
0
0
0
0
0
0
0
0
0
0
0
0
0
0
0
0
0
0
0
0
0
0
0
0
0
0
0
12818
8671
12178
2896
2595
8497
12818
8717
12178
2896
2763
8497
8944
2848
4917
10043
8840
4927
2007
2335
8237
8194
8497
3458
5732
2324
2324
2324
2324
2324
2324
2324
2324
2324
2324
2324
2324
2324
2324
2324
2324
2324
2324
2324
2324
2324
2324
2324
2324
2324
2324
0
0
0
0
0
0
0
0
0
0
0
0
0
0
0
0
0
0
0
0
0
0
0
0
0
0
0
0
0
0
0
0
0
0
0
0
0
0
0
0
0
0
0
0
0
0
0
0
0
0
0
0
0
0
0
0
0
0
0
0
0
0
0
0
0
0
1972
6443
14975
6329
2913
4917
13809
16124
3261
3492
3975
8497
1597
12549
3261
262
6881
860
12452
1626
1972
6443
5769
1952
8497
4917
3089
806
6443
15745
13167
14613
13963
8497
12331
8944
8317
6269
12178
6570
4419
14398
4917
10043
12522
2324
2324
2324
2324
2324
2324
2324
2324
2324
2324
2324
2324
2324
2324
2324
2324
2324
2324
2324
2324
2324
2324
2324
2324
2324
2324
2324
2324
2324
2324
2324
2324
2324
2324
2324
2324
2324
2324
2324
2324
2324
2324
2324
2324
2324
2324
0
0
0
0
0
0
0
0
0
0
0
0
0
0
0
0
0
0
0
0
0
0
0
0
0
0
4917
15677
3261
1870
6818
3261
4917
14292
14292
5855
3640
941
6443
12764
14608
1058
60
37
8497
3261
1285
8497
10481
12764
4150
6354
12178
9695
16074
5363
16451
6443
9392
5575
11096
8951
16011
2638
2324
2324
2324
2324
2324
2324
2324
2324
2324
2324
2324
2324
2324
2324
2324
2324
2324
2324
2324
2324
2324
2324
2324
2324
2324
2324
2324
2324
2324
2324
2324
2324
2324
2324
2324
2324
2324
2324
0
0
0
0
0
0
0
0
0
0
0
0
0
0
0
0
0
0
0
0
0
0
0
0
0
0
0
0
0
0
0
0
0
0
0
0
0
0
0
0
0
6443
16037
8497
7912
9546
14613
5354
1987
9640
14267
6989
12178
9208
9695
655
12673
3054
10102
270
11255
4917
5946
2324
2324
2324
2324
2324
2324
2324
2324
2324
2324
2324
2324
2324
2324
2324
2324
2324
2324
2324
2324
2324
2324
2324
0
0
0
0
0
0
0
0
0
0
0
0
0
0
0
0
0
0
0
0
0
0
0
0
0
0
0
0
0
0
0
0
0
0
0
0
0
0
0
0
0
0
0
0
0
0
0
0
0
0
0
0
0
0
0
0
0
0
0
0
0
0
0
0
0
0
0
0
0
0
0
0
1058
12206
6354
9779
1263
5791
4917
13038
9779
14613
6443
10616
4976
16541
860
2113
2183
2638
2324
2324
2324
2324
2324
2324
2324
2324
2324
2324
2324
2324
2324
2324
2324
2324
2324
0
0
0
0
0
0
0
0
0
0
0
0
0
0
0
0
0
0
0
0
0
0
0
0
0
0
0
0
0
0
0
0
0
0
0
0
0
0
0
0
0
0
0
0
0
0
0
0
0
0
0
0
0
0
0
0
0
0
0
0
0
0
0
0
0
0
0
0
0
0
0
0
0
0
0
0
0
0
0
0
0
0
6320
8410
14613
995
8141
12693
2007
4917
10284
8462
2936
11362
3468
16542
14613
10782
10284
12007
2324
2324
2324
2324
2324
2324
2324
2324
2324
2324
2324
2324
2324
2324
2324
2324
2324
2324
0
0
0
0
0
0
0
0
0
0
0
0
0
0
0
0
0
0
0
0
0
0
0
0
0
0
0
0
0
0
0
0
0
0
0
0
0
0
0
0
0
0
0
0
0
0
0
0
0
0
0
0
0
0
0
0
0
0
0
0
0
0
0
0
0
0
0
0
0
0
0
0
0
0
0
0
0
0
0
0
0
6443
6226
6883
2009
6443
3506
2658
5625
16541
10875
8951
9310
2324
2324
2324
2324
2324
2324
2324
2324
2324
2324
2324
2324
2324
0
0
0
0
0
0
0
0
0
0
0
0
0
0
0
0
0
0
0
0
0
0
0
0
0
0
0
0
0
0
0
0
0
0
0
0
0
0
0
0
0
0
0
0
0
0
0
0
0
0
0
0
0
0
0
0
0
0
0
0
0
0
0
0
0
0
0
0
0
0
0
0
0
0
0
0
0
0
0
0
0
0
0
0
0
0
0
0
0
0
0
0
8944
6035
6443
8919
12199
12178
4917
11490
14277
5084
6443
4826
5886
8497
16541
6333
2913
2335
1180
603
8951
6443
10318
5363
5873
8622
628
2324
2324
2324
2324
2324
2324
2324
2324
2324
2324
2324
2324
2324
2324
2324
2324
2324
2324
2324
2324
2324
2324
2324
2324
2324
2324
2324
2324
0
0
0
0
0
0
0
0
0
0
0
0
0
0
0
0
0
0
0
0
0
0
0
0
0
0
0
0
0
0
0
0
0
0
0
0
0
0
0
0
0
0
0
0
0
0
0
0
0
0
0
0
0
0
0
0
0
0
0
0
0
0
8944
2771
3015
6443
3298
5625
6035
14479
3365
8497
1972
2763
1439
2719
12452
15604
8951
6443
6889
2324
2324
2324
2324
2324
2324
2324
2324
2324
2324
2324
2324
2324
2324
2324
2324
2324
2324
2324
2324
0
0
0
0
0
0
0
0
0
0
0
0
0
0
0
0
0
0
0
0
0
0
0
0
0
0
0
0
0
0
0
0
0
0
0
0
0
0
0
0
0
0
0
0
0
0
0
0
0
0
0
0
0
0
0
0
0
0
0
0
0
0
0
0
0
0
0
0
0
0
0
0
0
0
0
0
0
0
12980
6443
7577
11736
2913
3820
8497
8944
6035
6443
14151
6474
5625
15592
11255
2006
10174
4191
6888
14613
1039
15599
5991
2324
2324
2324
2324
2324
2324
2324
2324
2324
2324
2324
2324
2324
2324
2324
2324
2324
2324
2324
2324
2324
2324
2324
2324
0
0
0
0
0
0
0
0
0
0
0
0
0
0
0
0
0
0
0
0
0
0
0
0
0
0
0
0
0
0
0
0
0
0
0
0
0
0
0
0
0
0
0
0
0
0
0
0
0
0
0
0
0
0
0
0
0
0
0
0
0
0
0
0
0
0
0
0
0
0
6443
14890
6767
14482
8497
9439
6443
4654
4293
3261
9790
8951
4917
13621
6322
5625
3439
5363
5486
2663
2324
2324
2324
2324
2324
2324
2324
2324
2324
2324
2324
2324
2324
2324
2324
2324
2324
2324
2324
2324
2324
0
0
0
0
0
0
0
0
0
0
0
0
0
0
0
0
0
0
0
0
0
0
0
0
0
0
0
0
0
0
0
0
0
0
0
0
0
0
0
0
0
0
0
0
0
0
0
0
0
0
0
0
0
0
0
0
0
0
0
0
0
0
0
0
0
0
0
0
0
0
0
0
0
0
0
0
8944
10409
9885
2335
2423
8497
5211
11355
3261
2633
8497
2007
6443
6083
6827
8497
9823
827
1972
6443
1552
1466
2324
2324
2324
2324
2324
2324
2324
2324
2324
2324
2324
2324
2324
2324
2324
2324
2324
2324
2324
2324
2324
2324
2324
0
0
0
0
0
0
0
0
0
0
0
0
0
0
0
0
0
0
0
0
0
0
0
0
0
0
0
0
0
0
0
0
0
0
0
0
0
0
0
0
0
0
0
0
0
0
0
0
0
0
0
0
0
0
0
0
0
0
0
0
0
0
0
0
0
0
0
0
0
0
0
0
14895
12178
2896
2322
3261
16583
8497
8499
1176
8497
9806
8936
8497
16064
2423
9890
10651
6770
12050
2324
2324
2324
2324
2324
2324
2324
2324
2324
2324
2324
2324
2324
2324
2324
2324
2324
2324
2324
2324
0
0
0
0
0
0
0
0
0
0
0
0
0
0
0
0
0
0
0
0
0
0
0
0
0
0
0
0
0
0
0
0
0
0
0
0
0
0
0
0
0
0
0
0
0
0
0
0
0
0
0
0
0
0
0
0
0
0
0
0
0
0
0
0
0
0
0
0
0
0
0
0
0
0
0
0
0
0
2378
5733
8951
5625
8944
1415
4917
672
6035
15752
12371
3261
2516
12182
2324
2324
2324
2324
2324
2324
2324
2324
2324
2324
2324
2324
2324
2324
0
0
0
0
0
0
0
0
0
0
0
0
0
0
0
0
0
0
0
0
0
0
0
0
0
0
0
0
0
0
0
0
0
0
0
0
0
0
0
0
0
0
0
0
0
0
0
0
0
0
0
0
0
0
0
0
0
0
0
0
0
0
0
0
0
0
0
0
0
0
0
0
0
0
0
0
0
0
0
0
0
0
0
0
0
0
0
0
0
12818
8798
8497
12331
4930
12178
7031
8894
10607
3862
14613
13156
10876
6694
8497
8944
6035
5486
6443
4247
8023
2324
2324
2324
2324
2324
2324
2324
2324
2324
2324
2324
2324
2324
2324
2324
2324
2324
2324
2324
2324
2324
2324
0
0
0
0
0
0
0
0
0
0
0
0
0
0
0
0
0
0
0
0
0
0
0
0
0
0
0
0
0
0
0
0
0
0
0
0
0
0
0
0
0
0
0
0
0
0
0
0
0
0
0
0
0
0
0
0
0
0
0
0
0
0
0
0
0
0
0
0
0
0
0
0
0
0
10337
14613
10488
15159
4917
10481
583
4868
12178
6162
8130
5905
2324
2324
2324
2324
2324
2324
2324
2324
2324
2324
2324
2324
2324
0
0
0
0
0
0
0
0
0
0
0
0
0
0
0
0
0
0
0
0
0
0
0
0
0
0
0
0
0
0
0
0
0
0
0
0
0
0
0
0
0
0
0
0
0
0
0
0
0
0
0
0
0
0
0
0
0
0
0
0
0
0
0
0
0
0
0
0
0
0
0
0
0
0
0
0
0
0
0
0
0
0
0
0
0
0
0
0
0
0
0
0
14723
8497
12331
1972
6443
1727
9776
2913
5694
5909
2324
2324
2324
2324
2324
2324
2324
2324
2324
2324
2324
0
0
0
0
0
0
0
0
0
0
0
0
0
0
0
0
0
0
0
0
0
0
0
0
0
0
0
0
0
0
0
0
0
0
0
0
0
0
0
0
0
0
0
0
0
0
0
0
0
0
0
0
0
0
0
0
0
0
0
0
0
0
0
0
0
0
0
0
0
0
0
0
0
0
0
0
0
0
0
0
0
0
0
0
0
0
0
0
0
0
0
0
0
0
0
0
10266
10291
8942
10625
8497
12331
4665
6443
3860
8942
4665
6443
12637
2324
2324
2324
2324
2324
2324
2324
2324
2324
2324
2324
2324
2324
2324
0
0
0
0
0
0
0
0
0
0
0
0
0
0
0
0
0
0
0
0
0
0
0
0
0
0
0
0
0
0
0
0
0
0
0
0
0
0
0
0
0
0
0
0
0
0
0
0
0
0
0
0
0
0
0
0
0
0
0
0
0
0
0
0
0
0
0
0
0
0
0
0
0
0
0
0
0
0
0
0
0
0
0
0
0
0
0
0
0
0
4917
9921
3261
5079
2009
4917
13304
3261
7395
12476
7370
6381
9142
1972
8203
14060
8497
14354
11557
14613
15495
8497
5418
2447
2324
2324
2324
2324
2324
2324
2324
2324
2324
2324
2324
2324
2324
2324
2324
2324
2324
2324
2324
2324
2324
2324
2324
0
0
0
0
0
0
0
0
0
0
0
0
0
0
0
0
0
0
0
0
0
0
0
0
0
0
0
0
0
0
0
0
0
0
0
0
0
0
0
0
0
0
0
0
0
0
0
0
0
0
0
0
0
0
0
0
0
0
0
0
0
0
0
0
0
0
0
0
0
0
7031
12518
1747
14848
11851
7204
2324
2324
2324
2324
2324
2324
2324
0
0
0
0
0
0
0
0
0
0
0
0
0
0
0
0
0
0
0
0
0
0
0
0
0
0
0
0
0
0
0
0
0
0
0
0
0
0
0
0
0
0
0
0
0
0
0
0
0
0
0
0
0
0
0
0
0
0
0
0
0
0
0
0
0
0
0
0
0
0
0
0
0
0
0
0
0
0
0
0
0
0
0
0
0
0
0
0
0
0
0
0
0
0
0
0
0
0
0
0
0
0
0
0
1616
6757
10023
10814
9624
1895
8497
8294
2007
8944
8236
14882
5791
15767
2007
1251
8497
10890
14613
9521
2324
2324
2324
2324
2324
2324
2324
2324
2324
2324
2324
2324
2324
2324
2324
2324
2324
2324
2324
2324
0
0
0
0
0
0
0
0
0
0
0
0
0
0
0
0
0
0
0
0
0
0
0
0
0
0
0
0
0
0
0
0
0
0
0
0
0
0
0
0
0
0
0
0
0
0
0
0
0
0
0
0
0
0
0
0
0
0
0
0
0
0
0
0
0
0
0
0
0
0
0
0
0
0
0
0
0
4917
11706
8942
1058
15495
6354
1993
2324
2324
2324
2324
2324
2324
2324
2324
0
0
0
0
0
0
0
0
0
0
0
0
0
0
0
0
0
0
0
0
0
0
0
0
0
0
0
0
0
0
0
0
0
0
0
0
0
0
0
0
0
0
0
0
0
0
0
0
0
0
0
0
0
0
0
0
0
0
0
0
0
0
0
0
0
0
0
0
0
0
0
0
0
0
0
0
0
0
0
0
0
0
0
0
0
0
0
0
0
0
0
0
0
0
0
0
0
0
0
0
0
0
4917
14975
8942
4013
8076
8497
12331
9672
1022
15078
3869
6591
9138
8944
1972
16497
1439
3261
6055
2324
2324
2324
2324
2324
2324
2324
2324
2324
2324
2324
2324
2324
2324
2324
2324
2324
2324
2324
0
0
0
0
0
0
0
0
0
0
0
0
0
0
0
0
0
0
0
0
0
0
0
0
0
0
0
0
0
0
0
0
0
0
0
0
0
0
0
0
0
0
0
0
0
0
0
0
0
0
0
0
0
0
0
0
0
0
0
0
0
0
0
0
0
0
0
0
0
0
0
0
0
0
0
0
0
0
0
8944
6035
12093
12178
2627
5877
9522
16074
15159
6955
6732
15756
3765
16011
11497
14398
519
3261
728
4432
6796
12153
9738
7918
13427
4432
9738
3276
2324
2324
2324
2324
2324
2324
2324
2324
2324
2324
2324
2324
2324
2324
2324
2324
2324
2324
2324
2324
2324
2324
2324
2324
2324
2324
2324
2324
2324
2324
2324
0
0
0
0
0
0
0
0
0
0
0
0
0
0
0
0
0
0
0
0
0
0
0
0
0
0
0
0
0
0
0
0
0
0
0
0
0
0
0
0
0
0
0
0
0
0
0
0
0
0
0
0
0
0
0
0
0
0
2006
14898
9957
13784
5625
13648
14326
6889
3454
4917
10840
7060
2242
3261
4917
8159
1972
6443
15576
6498
13339
2009
15118
11648
2324
2324
2324
2324
2324
2324
2324
2324
2324
2324
2324
2324
2324
2324
2324
2324
2324
2324
2324
2324
2324
2324
2324
2324
2324
0
0
0
0
0
0
0
0
0
0
0
0
0
0
0
0
0
0
0
0
0
0
0
0
0
0
0
0
0
0
0
0
0
0
0
0
0
0
0
0
0
0
0
0
0
0
0
0
0
0
0
0
0
0
0
0
0
0
0
0
0
0
0
0
0
0
0
0
4917
2638
6743
12206
8944
6035
1565
12178
2896
3177
8497
14613
8944
16482
14398
438
5625
5074
860
6443
15495
1022
8497
12331
13554
4665
8317
12240
2324
2324
2324
2324
2324
2324
2324
2324
2324
2324
2324
2324
2324
2324
2324
2324
2324
2324
2324
2324
2324
2324
2324
2324
2324
2324
2324
2324
2324
0
0
0
0
0
0
0
0
0
0
0
0
0
0
0
0
0
0
0
0
0
0
0
0
0
0
0
0
0
0
0
0
0
0
0
0
0
0
0
0
0
0
0
0
0
0
0
0
0
0
0
0
0
0
0
0
0
0
0
0
16352
3261
8944
8942
11514
3261
2826
3287
14613
9251
10255
13234
4536
8497
6889
4917
1393
12557
2896
2212
2009
8050
14398
6443
9102
5641
15797
2324
2324
2324
2324
2324
2324
2324
2324
2324
2324
2324
2324
2324
2324
2324
2324
2324
2324
2324
2324
2324
2324
2324
2324
2324
2324
2324
2324
0
0
0
0
0
0
0
0
0
0
0
0
0
0
0
0
0
0
0
0
0
0
0
0
0
0
0
0
0
0
0
0
0
0
0
0
0
0
0
0
0
0
0
0
0
0
0
0
0
0
0
0
0
0
0
0
0
0
0
0
0
0
14438
15159
1557
14613
5250
14843
8497
12331
8944
806
4665
9838
10261
12178
7557
8944
9565
2324
2324
2324
2324
2324
2324
2324
2324
2324
2324
2324
2324
2324
2324
2324
2324
2324
2324
0
0
0
0
0
0
0
0
0
0
0
0
0
0
0
0
0
0
0
0
0
0
0
0
0
0
0
0
0
0
0
0
0
0
0
0
0
0
0
0
0
0
0
0
0
0
0
0
0
0
0
0
0
0
0
0
0
0
0
0
0
0
0
0
0
0
0
0
0
0
0
0
0
0
0
0
0
0
0
0
0
0
2006
9075
2231
12331
5624
11995
9437
2324
2324
2324
2324
2324
2324
2324
2324
0
0
0
0
0
0
0
0
0
0
0
0
0
0
0
0
0
0
0
0
0
0
0
0
0
0
0
0
0
0
0
0
0
0
0
0
0
0
0
0
0
0
0
0
0
0
0
0
0
0
0
0
0
0
0
0
0
0
0
0
0
0
0
0
0
0
0
0
0
0
0
0
0
0
0
0
0
0
0
0
0
0
0
0
0
0
0
0
0
0
0
0
0
0
0
0
0
0
0
0
0
0
3253
8942
1255
6443
3276
14451
2638
1597
4917
3966
14613
4917
14
15159
1270
12581
8497
16074
5843
8958
4917
14975
6035
6443
9690
13042
2324
2324
2324
2324
2324
2324
2324
2324
2324
2324
2324
2324
2324
2324
2324
2324
2324
2324
2324
2324
2324
2324
2324
2324
2324
2324
0
0
0
0
0
0
0
0
0
0
0
0
0
0
0
0
0
0
0
0
0
0
0
0
0
0
0
0
0
0
0
0
0
0
0
0
0
0
0
0
0
0
0
0
0
0
0
0
0
0
0
0
0
0
0
0
0
0
0
0
0
0
0
0
0
12601
10568
12178
4917
10284
8942
583
6846
2007
7520
2324
2324
2324
2324
2324
2324
2324
2324
2324
2324
2324
0
0
0
0
0
0
0
0
0
0
0
0
0
0
0
0
0
0
0
0
0
0
0
0
0
0
0
0
0
0
0
0
0
0
0
0
0
0
0
0
0
0
0
0
0
0
0
0
0
0
0
0
0
0
0
0
0
0
0
0
0
0
0
0
0
0
0
0
0
0
0
0
0
0
0
0
0
0
0
0
0
0
0
0
0
0
0
0
0
0
0
0
0
0
0
0
4917
10284
8600
15935
2007
15194
12331
7026
14613
15419
8975
2936
15796
3261
2973
1895
2324
2324
2324
2324
2324
2324
2324
2324
2324
2324
2324
2324
2324
2324
2324
2324
2324
2324
0
0
0
0
0
0
0
0
0
0
0
0
0
0
0
0
0
0
0
0
0
0
0
0
0
0
0
0
0
0
0
0
0
0
0
0
0
0
0
0
0
0
0
0
0
0
0
0
0
0
0
0
0
0
0
0
0
0
0
0
0
0
0
0
0
0
0
0
0
0
0
0
0
0
0
0
0
0
0
0
0
0
0
13928
8497
4917
13442
2574
12178
7910
9299
2324
2324
2324
2324
2324
2324
2324
2324
2324
0
0
0
0
0
0
0
0
0
0
0
0
0
0
0
0
0
0
0
0
0
0
0
0
0
0
0
0
0
0
0
0
0
0
0
0
0
0
0
0
0
0
0
0
0
0
0
0
0
0
0
0
0
0
0
0
0
0
0
0
0
0
0
0
0
0
0
0
0
0
0
0
0
0
0
0
0
0
0
0
0
0
0
0
0
0
0
0
0
0
0
0
0
0
0
0
0
0
0
0
4917
14975
6035
1270
10401
5625
7955
9316
10007
10776
8944
860
6443
60
8497
12980
4917
583
13329
3261
10665
3182
2324
2324
2324
2324
2324
2324
2324
2324
2324
2324
2324
2324
2324
2324
2324
2324
2324
2324
2324
2324
2324
2324
2324
0
0
0
0
0
0
0
0
0
0
0
0
0
0
0
0
0
0
0
0
0
0
0
0
0
0
0
0
0
0
0
0
0
0
0
0
0
0
0
0
0
0
0
0
0
0
0
0
0
0
0
0
0
0
0
0
0
0
0
0
0
0
0
0
0
0
0
0
0
0
0
0
4917
10284
8258
4917
8724
11217
3261
10566
3261
3054
15805
1972
2624
2388
3261
9879
14613
572
2324
2324
2324
2324
2324
2324
2324
2324
2324
2324
2324
2324
2324
2324
2324
2324
2324
0
0
0
0
0
0
0
0
0
0
0
0
0
0
0
0
0
0
0
0
0
0
0
0
0
0
0
0
0
0
0
0
0
0
0
0
0
0
0
0
0
0
0
0
0
0
0
0
0
0
0
0
0
0
0
0
0
0
0
0
0
0
0
0
0
0
0
0
0
0
0
0
0
0
0
0
0
0
0
0
0
0
4917
15677
11851
779
4917
12929
3034
3261
4917
2057
14613
8497
15813
8497
9052
845
14066
14613
1081
13953
667
2009
4917
13284
2324
2324
2324
2324
2324
2324
2324
2324
2324
2324
2324
2324
2324
2324
2324
2324
2324
2324
2324
2324
2324
2324
2324
2324
2324
0
0
0
0
0
0
0
0
0
0
0
0
0
0
0
0
0
0
0
0
0
0
0
0
0
0
0
0
0
0
0
0
0
0
0
0
0
0
0
0
0
0
0
0
0
0
0
0
0
0
0
0
0
0
0
0
0
0
0
0
0
0
0
0
0
0
0
0
912
3261
4917
6636
9511
2896
6443
10625
16352
10511
12818
15495
12331
5817
14798
1972
6443
11657
2259
3261
10642
14613
3526
2324
2324
2324
2324
2324
2324
2324
2324
2324
2324
2324
2324
2324
2324
2324
2324
2324
2324
2324
2324
2324
2324
2324
0
0
0
0
0
0
0
0
0
0
0
0
0
0
0
0
0
0
0
0
0
0
0
0
0
0
0
0
0
0
0
0
0
0
0
0
0
0
0
0
0
0
0
0
0
0
0
0
0
0
0
0
0
0
0
0
0
0
0
0
0
0
0
0
0
0
0
0
0
0
0
4917
5002
8942
1598
14398
4917
2411
5625
16072
8951
4917
44
8497
16317
8951
4917
3604
14613
669
8951
4917
10475
15159
16599
2763
2324
2324
2324
2324
2324
2324
2324
2324
2324
2324
2324
2324
2324
2324
2324
2324
2324
2324
2324
2324
2324
2324
2324
2324
2324
2324
0
0
0
0
0
0
0
0
0
0
0
0
0
0
0
0
0
0
0
0
0
0
0
0
0
0
0
0
0
0
0
0
0
0
0
0
0
0
0
0
0
0
0
0
0
0
0
0
0
0
0
0
0
0
0
0
0
0
0
0
0
0
0
0
0
0
4917
361
4526
9040
3261
2006
13899
14501
6886
2006
4183
7352
11800
16095
2324
2324
2324
2324
2324
2324
2324
2324
2324
2324
2324
2324
2324
2324
2324
0
0
0
0
0
0
0
0
0
0
0
0
0
0
0
0
0
0
0
0
0
0
0
0
0
0
0
0
0
0
0
0
0
0
0
0
0
0
0
0
0
0
0
0
0
0
0
0
0
0
0
0
0
0
0
0
0
0
0
0
0
0
0
0
0
0
0
0
0
0
0
0
0
0
0
0
0
0
0
0
0
0
0
0
0
0
0
0
9672
10625
8497
4418
1409
2324
2324
2324
2324
2324
2324
0
0
0
0
0
0
0
0
0
0
0
0
0
0
0
0
0
0
0
0
0
0
0
0
0
0
0
0
0
0
0
0
0
0
0
0
0
0
0
0
0
0
0
0
0
0
0
0
0
0
0
0
0
0
0
0
0
0
0
0
0
0
0
0
0
0
0
0
0
0
0
0
0
0
0
0
0
0
0
0
0
0
0
0
0
0
0
0
0
0
0
0
0
0
0
0
0
0
0
0
0
0
0
0
0
0
2571
2423
4541
15655
3599
7031
7373
11125
5791
7209
14613
13597
12331
8497
13427
8148
8727
2936
9062
9446
8497
8602
2913
10736
8497
8944
6035
10437
14613
7209
6035
8987
12298
8204
7070
8521
10197
2324
2324
2324
2324
2324
2324
2324
2324
2324
2324
2324
2324
2324
2324
2324
2324
2324
2324
2324
2324
2324
2324
2324
2324
2324
2324
2324
2324
2324
2324
2324
2324
2324
2324
2324
2324
2324
0
0
0
0
0
0
0
0
0
0
0
0
0
0
0
0
0
0
0
0
0
0
0
0
0
0
0
0
0
0
0
0
0
0
0
0
0
0
0
0
0
0
0
2212
6443
2677
3261
3078
8497
8174
15709
12636
528
4917
7266
8497
7517
290
9448
2140
4917
2884
6788
10333
2324
2324
2324
2324
2324
2324
2324
2324
2324
2324
2324
2324
2324
2324
2324
2324
2324
2324
2324
2324
0
0
0
0
0
0
0
0
0
0
0
0
0
0
0
0
0
0
0
0
0
0
0
0
0
0
0
0
0
0
0
0
0
0
0
0
0
0
0
0
0
0
0
0
0
0
0
0
0
0
0
0
0
0
0
0
0
0
0
0
0
0
0
0
0
0
0
0
0
0
0
0
0
0
0
0
7283
6443
9690
3261
4917
13556
5625
2827
11851
860
4917
815
5432
3261
16011
10350
14613
4917
2538
8798
16273
10380
14613
7029
8965
8951
4917
3508
3261
4004
4419
10625
2324
2324
2324
2324
2324
2324
2324
2324
2324
2324
2324
2324
2324
2324
2324
2324
2324
2324
2324
2324
2324
2324
2324
2324
2324
2324
2324
2324
2324
2324
2324
2324
2324
2324
0
0
0
0
0
0
0
0
0
0
0
0
0
0
0
0
0
0
0
0
0
0
0
0
0
0
0
0
0
0
0
0
0
0
0
0
0
0
0
0
0
0
0
0
0
0
0
0
0
0
0
4917
5733
9664
5625
3455
818
8965
4419
3861
9565
528
4432
12791
15159
8942
860
4419
12178
9851
2158
12781
2936
6443
14560
8497
9933
1084
2324
2324
2324
2324
2324
2324
2324
2324
2324
2324
2324
2324
2324
2324
2324
2324
2324
2324
2324
2324
2324
2324
2324
2324
2324
2324
2324
2324
0
0
0
0
0
0
0
0
0
0
0
0
0
0
0
0
0
0
0
0
0
0
0
0
0
0
0
0
0
0
0
0
0
0
0
0
0
0
0
0
0
0
0
0
0
0
0
0
0
0
0
0
0
0
0
0
0
0
0
0
0
0
7970
12099
8497
6866
16412
8944
8942
4269
3261
2335
16493
14475
3261
4917
11904
2324
2324
2324
2324
2324
2324
2324
2324
2324
2324
2324
2324
2324
2324
2324
2324
0
0
0
0
0
0
0
0
0
0
0
0
0
0
0
0
0
0
0
0
0
0
0
0
0
0
0
0
0
0
0
0
0
0
0
0
0
0
0
0
0
0
0
0
0
0
0
0
0
0
0
0
0
0
0
0
0
0
0
0
0
0
0
0
0
0
0
0
0
0
0
0
0
0
0
0
0
0
0
0
0
0
0
0
0
0
2335
12673
2517
14398
11271
9617
8497
9037
230
14613
5141
6928
11526
8020
14554
4917
10849
8944
12025
6506
2324
2324
2324
2324
2324
2324
2324
2324
2324
2324
2324
2324
2324
2324
2324
2324
2324
2324
2324
2324
0
0
0
0
0
0
0
0
0
0
0
0
0
0
0
0
0
0
0
0
0
0
0
0
0
0
0
0
0
0
0
0
0
0
0
0
0
0
0
0
0
0
0
0
0
0
0
0
0
0
0
0
0
0
0
0
0
0
0
0
0
0
0
0
0
0
0
0
0
0
0
0
0
0
0
0
0
13829
7614
8181
8497
12331
8317
10210
14613
15113
2324
2324
2324
2324
2324
2324
2324
2324
2324
2324
0
0
0
0
0
0
0
0
0
0
0
0
0
0
0
0
0
0
0
0
0
0
0
0
0
0
0
0
0
0
0
0
0
0
0
0
0
0
0
0
0
0
0
0
0
0
0
0
0
0
0
0
0
0
0
0
0
0
0
0
0
0
0
0
0
0
0
0
0
0
0
0
0
0
0
0
0
0
0
0
0
0
0
0
0
0
0
0
0
0
0
0
0
0
0
0
0
0
7955
5078
12064
12178
12975
8944
4764
1972
2006
7700
14561
3261
3941
14413
3094
2324
2324
2324
2324
2324
2324
2324
2324
2324
2324
2324
2324
2324
2324
2324
2324
0
0
0
0
0
0
0
0
0
0
0
0
0
0
0
0
0
0
0
0
0
0
0
0
0
0
0
0
0
0
0
0
0
0
0
0
0
0
0
0
0
0
0
0
0
0
0
0
0
0
0
0
0
0
0
0
0
0
0
0
0
0
0
0
0
0
0
0
0
0
0
0
0
0
0
0
0
0
0
0
0
0
0
0
0
0
13427
6443
2618
3261
13940
12370
12481
6443
2423
500
2982
1972
860
15118
3027
5233
15935
12178
2896
8841
8497
8499
14024
14613
3261
2973
2212
8891
528
4917
12072
10284
8497
5625
6035
6443
8798
1097
2324
2324
2324
2324
2324
2324
2324
2324
2324
2324
2324
2324
2324
2324
2324
2324
2324
2324
2324
2324
2324
2324
2324
2324
2324
2324
2324
2324
2324
2324
2324
2324
2324
2324
2324
2324
2324
2324
0
0
0
0
0
0
0
0
0
0
0
0
0
0
0
0
0
0
0
0
0
0
0
0
0
0
0
0
0
0
0
0
0
0
0
0
0
0
0
0
0
8944
297
8499
528
1531
2638
9458
5625
3940
10007
15260
6443
7636
8497
10238
10137
2324
2324
2324
2324
2324
2324
2324
2324
2324
2324
2324
2324
2324
2324
0
0
0
0
0
0
0
0
0
0
0
0
0
0
0
0
0
0
0
0
0
0
0
0
0
0
0
0
0
0
0
0
0
0
0
0
0
0
0
0
0
0
0
0
0
0
0
0
0
0
0
0
0
0
0
0
0
0
0
0
0
0
0
0
0
0
0
0
0
0
0
0
0
0
0
0
0
0
0
0
0
0
0
0
0
0
0
8951
6443
9101
1637
3268
8497
5877
8598
12557
2896
2666
9838
12178
6549
2006
13062
14582
14398
4917
13038
9779
2324
2324
2324
2324
2324
2324
2324
2324
2324
2324
2324
2324
2324
2324
2324
2324
2324
2324
2324
2324
2324
2324
0
0
0
0
0
0
0
0
0
0
0
0
0
0
0
0
0
0
0
0
0
0
0
0
0
0
0
0
0
0
0
0
0
0
0
0
0
0
0
0
0
0
0
0
0
0
0
0
0
0
0
0
0
0
0
0
0
0
0
0
0
0
0
0
0
0
0
0
0
0
0
0
0
0
1477
6122
15206
6443
6247
3659
672
4917
11701
1715
12752
13681
11255
16011
16549
9894
8497
1448
5625
1421
9524
6035
10883
9511
2896
4523
6035
6009
2324
2324
2324
2324
2324
2324
2324
2324
2324
2324
2324
2324
2324
2324
2324
2324
2324
2324
2324
2324
2324
2324
2324
2324
2324
2324
2324
2324
2324
0
0
0
0
0
0
0
0
0
0
0
0
0
0
0
0
0
0
0
0
0
0
0
0
0
0
0
0
0
0
0
0
0
0
0
0
0
0
0
0
0
0
0
0
0
0
0
0
0
0
0
0
0
0
0
0
0
0
0
0
8944
6035
14772
12206
6443
10282
7517
10705
8497
15218
14613
2034
2324
2324
2324
2324
2324
2324
2324
2324
2324
2324
2324
2324
2324
2324
0
0
0
0
0
0
0
0
0
0
0
0
0
0
0
0
0
0
0
0
0
0
0
0
0
0
0
0
0
0
0
0
0
0
0
0
0
0
0
0
0
0
0
0
0
0
0
0
0
0
0
0
0
0
0
0
0
0
0
0
0
0
0
0
0
0
0
0
0
0
0
0
0
0
0
0
0
0
0
0
0
0
0
0
0
0
0
0
0
0
0
7955
12557
11851
4687
6443
16514
9142
4917
5491
12178
12599
12984
6035
13357
860
4917
131
8497
14413
12178
2759
5909
6035
11752
1270
7955
3455
409
12178
6443
15241
1972
5002
8497
3941
8497
14613
13464
2324
2324
2324
2324
2324
2324
2324
2324
2324
2324
2324
2324
2324
2324
2324
2324
2324
2324
2324
2324
2324
2324
2324
2324
2324
2324
2324
2324
2324
2324
2324
2324
2324
2324
2324
2324
2324
2324
2324
0
0
0
0
0
0
0
0
0
0
0
0
0
0
0
0
0
0
0
0
0
0
0
0
0
0
0
0
0
0
0
0
0
0
0
0
0
0
0
0
12980
6443
7577
11736
2913
3820
8497
8944
6035
6443
14151
6474
5625
15592
11255
2006
10174
4191
6888
14613
1039
15599
5991
2324
2324
2324
2324
2324
2324
2324
2324
2324
2324
2324
2324
2324
2324
2324
2324
2324
2324
2324
2324
2324
2324
2324
2324
0
0
0
0
0
0
0
0
0
0
0
0
0
0
0
0
0
0
0
0
0
0
0
0
0
0
0
0
0
0
0
0
0
0
0
0
0
0
0
0
0
0
0
0
0
0
0
0
0
0
0
0
0
0
0
0
0
0
0
0
0
0
0
0
0
0
0
0
0
0
14648
2158
12124
6409
8951
14532
3769
8944
10071
3192
2982
860
2007
9463
1862
8497
6827
7521
2324
2324
2324
2324
2324
2324
2324
2324
2324
2324
2324
2324
2324
2324
2324
2324
2324
2324
0
0
0
0
0
0
0
0
0
0
0
0
0
0
0
0
0
0
0
0
0
0
0
0
0
0
0
0
0
0
0
0
0
0
0
0
0
0
0
0
0
0
0
0
0
0
0
0
0
0
0
0
0
0
0
0
0
0
0
0
0
0
0
0
0
0
0
0
0
0
0
0
0
0
0
0
0
0
0
0
0
8944
6360
3253
8317
8754
13040
14613
15465
8497
8881
6443
9023
3604
14398
8944
8497
7283
8948
9941
14554
16074
15159
7925
12178
8944
14613
8294
12089
1131
2324
2324
2324
2324
2324
2324
2324
2324
2324
2324
2324
2324
2324
2324
2324
2324
2324
2324
2324
2324
2324
2324
2324
2324
2324
2324
2324
2324
2324
0
0
0
0
0
0
0
0
0
0
0
0
0
0
0
0
0
0
0
0
0
0
0
0
0
0
0
0
0
0
0
0
0
0
0
0
0
0
0
0
0
0
0
0
0
0
0
0
0
0
0
0
0
0
0
0
0
0
0
6443
9690
12818
10035
860
2335
16493
10625
2324
2324
2324
2324
2324
2324
2324
2324
2324
0
0
0
0
0
0
0
0
0
0
0
0
0
0
0
0
0
0
0
0
0
0
0
0
0
0
0
0
0
0
0
0
0
0
0
0
0
0
0
0
0
0
0
0
0
0
0
0
0
0
0
0
0
0
0
0
0
0
0
0
0
0
0
0
0
0
0
0
0
0
0
0
0
0
0
0
0
0
0
0
0
0
0
0
0
0
0
0
0
0
0
0
0
0
0
0
0
0
0
0
6836
8138
6035
4750
2007
6443
2171
8497
8148
2924
8341
860
33
16288
2936
3253
10670
14613
407
13857
2324
2324
2324
2324
2324
2324
2324
2324
2324
2324
2324
2324
2324
2324
2324
2324
2324
2324
2324
2324
2324
0
0
0
0
0
0
0
0
0
0
0
0
0
0
0
0
0
0
0
0
0
0
0
0
0
0
0
0
0
0
0
0
0
0
0
0
0
0
0
0
0
0
0
0
0
0
0
0
0
0
0
0
0
0
0
0
0
0
0
0
0
0
0
0
0
0
0
0
0
0
0
0
0
0
0
0
7593
8942
8798
2324
2324
2324
2324
0
0
0
0
0
0
0
0
0
0
0
0
0
0
0
0
0
0
0
0
0
0
0
0
0
0
0
0
0
0
0
0
0
0
0
0
0
0
0
0
0
0
0
0
0
0
0
0
0
0
0
0
0
0
0
0
0
0
0
0
0
0
0
0
0
0
0
0
0
0
0
0
0
0
0
0
0
0
0
0
0
0
0
0
0
0
0
0
0
0
0
0
0
0
0
0
0
0
0
0
0
0
0
0
0
0
0
0
0
0
14438
15159
6443
15745
8427
14613
15756
2876
13232
10867
12273
8497
12331
5486
9838
12178
8965
3253
1198
2212
528
4523
11174
2738
527
2324
2324
2324
2324
2324
2324
2324
2324
2324
2324
2324
2324
2324
2324
2324
2324
2324
2324
2324
2324
2324
2324
2324
2324
2324
0
0
0
0
0
0
0
0
0
0
0
0
0
0
0
0
0
0
0
0
0
0
0
0
0
0
0
0
0
0
0
0
0
0
0
0
0
0
0
0
0
0
0
0
0
0
0
0
0
0
0
0
0
0
0
0
0
0
0
0
0
0
0
0
0
0
0
4917
10284
8942
12206
6443
318
3261
3036
14613
15961
5625
8317
1502
3846
2324
2324
2324
2324
2324
2324
2324
2324
2324
2324
2324
2324
2324
2324
2324
0
0
0
0
0
0
0
0
0
0
0
0
0
0
0
0
0
0
0
0
0
0
0
0
0
0
0
0
0
0
0
0
0
0
0
0
0
0
0
0
0
0
0
0
0
0
0
0
0
0
0
0
0
0
0
0
0
0
0
0
0
0
0
0
0
0
0
0
0
0
0
0
0
0
0
0
0
0
0
0
0
0
0
0
0
0
0
0
4917
12337
8942
6365
8497
4917
11949
54
14613
12633
7306
8497
4917
12689
1121
3423
8497
4917
14181
4462
8497
4917
6694
2007
38
2324
2324
2324
2324
2324
2324
2324
2324
2324
2324
2324
2324
2324
2324
2324
2324
2324
2324
2324
2324
2324
2324
2324
2324
2324
2324
0
0
0
0
0
0
0
0
0
0
0
0
0
0
0
0
0
0
0
0
0
0
0
0
0
0
0
0
0
0
0
0
0
0
0
0
0
0
0
0
0
0
0
0
0
0
0
0
0
0
0
0
0
0
0
0
0
0
0
0
0
0
0
0
0
0
4917
583
6183
5363
8923
12273
8944
8942
8944
6035
1270
9631
8497
8944
2666
13906
1421
3633
13427
9958
7031
3261
4917
16583
9108
15935
14438
844
5489
2324
2324
2324
2324
2324
2324
2324
2324
2324
2324
2324
2324
2324
2324
2324
2324
2324
2324
2324
2324
2324
2324
2324
2324
2324
2324
2324
2324
2324
2324
0
0
0
0
0
0
0
0
0
0
0
0
0
0
0
0
0
0
0
0
0
0
0
0
0
0
0
0
0
0
0
0
0
0
0
0
0
0
0
0
0
0
0
0
0
0
0
0
0
0
0
0
0
0
