6
8
8
9
27
7
10
7
4
6
7
20
4
8
21
15
15
3
7
4
20
22
5
8
5
24
18
10
18
3
13
11
4
6
2
5
11
17
7
8
6
14
15
27
9
15
4
11
9
4
10
20
14
15
23
13
21
4
4
3
14
6
8
7
21
11
8
27
16
24
18
8
5
16
18
19
7
27
19
16
15
10
15
12
14
10
3
5
12
9
6
37
19
4
15
11
6
23
31
27
22
28
13
8
9
14
14
12
11
30
24
11
12
5
14
6
28
16
13
32
4
7
6
11
36
19
5
3
28
11
6
30
7
22
11
10
10
16
26
14
12
12
13
18
23
4
5
7
6
10
17
16
5
23
6
3
4
20
16
7
13
11
19
8
15
13
9
3
13
12
10
9
10
24
17
42
15
4
3
13
8
8
14
5
6
14
25
6
26
7
26
4
7
4
10
5
16
16
7
11
3
8
16
16
10
10
6
6
18
19
6
3
8
22
6
4
11
6
23
19
5
23
5
10
14
8
8
5
3
8
9
36
11
26
16
20
18
7
7
7
19
7
15
7
19
3
7
28
27
9
19
5
5
21
34
11
6
7
15
9
12
30
5
8
4
8
21
4
12
7
7
9
21
16
10
13
26
11
3
7
7
4
16
12
6
23
10
14
10
8
19
12
12
6
12
3
20
17
5
3
19
4
23
9
8
15
11
19
6
9
11
5
9
14
3
33
5
19
11
10
7
12
12
20
35
5
6
7
4
6
19
11
9
5
23
16
9
10
6
27
6
8
4
29
13
9
10
11
11
4
19
4
23
9
8
15
11
19
6
9
11
5
9
14
3
33
5
19
11
10
7
12
12
20
35
5
6
7
4
6
19
11
9
5
23
16
9
10
6
27
6
8
4
29
13
9
10
11
11
4
5
6
11
11
5
28
6
25
4
9
5
11
4
36
32
7
17
15
7
37
4
13
19
10
4
4
18
9
4
33
24
20
9
6
28
7
15
9
10
8
13
32
24
8
5
22
31
23
6
4
