16509
1946
10828
10898
15098
13611
1599
12463
2758
12773
13502
14183
2362
15952
6484
12205
11299
4040
13574
12468
7164
9777
4751
1065
7780
9373
10550
9134
3008
2934
7156
11262
6715
12621
161
1209
9943
3068
3265
7560
15802
210
7532
4122
14660
12212
834
4652
8458
16383
16617
10464
6995
12621
10614
14349
5329
1562
3035
8533
9045
11342
2488
4022
8714
16576
5856
2773
5955
3523
16384
2043
3057
15966
14982
12901
13770
4054
9289
13440
14890
2484
543
12241
8058
1178
3223
2588
8434
3616
5094
13050
14288
2983
67
5014
86
12046
9339
11126
5655
1578
4482
16383
14755
9843
14234
11570
5611
8688
12936
15652
3119
7256
7490
10186
14147
9525
4183
13500
8879
10280
14389
11487
14794
5952
10592
1960
13258
8630
16304
15928
15090
12181
1946
5247
8441
12540
2225
932
3319
6916
4697
13962
9035
16562
8100
9983
598
11764
7803
4541
7898
13556
92
1390
724
14276
5754
10388
12935
5734
9237
3499
1145
6738
4957
12125
9963
8309
13064
10144
5740
10578
11862
16485
16624
13253
12198
3616
16001
6967
6923
7242
1835
4482
15366
7203
5014
12181
9187
11893
5062
12475
11970
11643
9719
10504
2173
15921
2282
14955
1065
16562
16617
10863
7041
13303
8414
2352
6330
9695
12181
13297
14277
10373
3150
9686
3971
5810
13190
15952
4623
2955
13193
15135
3149
7994
13512
16138
473
14202
264
15883
428
14258
10162
13352
13045
11485
4846
11194
8441
12547
14248
7536
4463
10730
11073
9500
14658
12089
7640
14202
15497
3581
8422
9146
9582
3783
14416
4633
11925
11220
6955
96
6389
11512
12247
9605
1564
14612
14383
6929
8697
5014
785
12029
1843
11060
6903
8363
12529
3904
7545
13340
14480
14854
16054
10263
11604
9971
5693
8129
9733
13418
1947
8984
12960
2651
7168
16617
11742
3435
8369
674
1145
13017
7408
8580
14232
8261
10144
352
5010
15952
11827
3035
12044
5908
11715
4054
4953
13397
11998
7780
10044
16527
8762
13203
11715
10464
4625
7041
3435
4229
2211
9425
5889
16605
12209
218
2037
8845
10735
4265
9125
10605
14281
15337
11710
13086
9490
11742
15135
8609
10286
5501
6688
8534
1316
13303
3113
1823
8234
4462
1928
12188
16577
12685
10258
4484
9642
12210
14262
758
2646
12770
2864
16215
10639
10444
8647
6488
12729
16418
3971
16201
6555
1055
12948
6183
8823
7805
3363
11141
15705
9108
11124
11794
12241
5010
2563
12901
7795
6830
1787
7547
2438
11467
5887
6633
8854
865
3177
16201
4054
13040
12729
1713
15576
14511
138
4054
12224
1572
9000
6837
13050
1
633
10335
5908
12529
16527
2572
3699
6438
5745
92
15328
5800
11052
9891
3240
4146
4531
15349
6837
9695
