1941
12514
5858
13652
14501
2802
16350
3547
12490
14197
11095
16115
11167
13500
16469
11141
5889
9407
3941
4204
12438
6073
12209
11058
13397
264
10664
12592
9407
6757
16215
2479
14882
6499
15652
2758
15337
16215
12241
5543
14501
7780
15704
15652
11573
5858
6795
8063
13033
12046
13194
11946
14343
15065
13678
13414
5654
9823
2868
1618
6587
11673
4220
11862
7871
551
8691
7986
3097
10110
266
15328
15393
13849
12390
4502
12315
8015
11972
5249
14923
12238
15192
5800
7796
14685
224
6894
8817
14511
7216
12520
16198
5667
15993
7521
7331
8014
6085
9033
4039
8670
1518
12581
5227
1212
8511
6423
9033
5253
11417
442
8092
5135
11710
1158
14832
11155
1603
6499
15199
683
15186
9454
14341
8278
2484
3139
9554
4210
3432
9905
10583
6995
6097
16276
5194
3658
12985
9149
2434
771
13473
4156
1209
15091
6644
7813
5338
3320
11715
1806
5944
5004
11287
1251
1917
144
13033
9771
16383
4394
11946
7545
15536
13365
4305
5580
10144
11998
8510
16021
11925
7041
1596
414
3527
3987
8221
6288
13397
16605
12901
7097
8077
3384
15074
14066
4054
3150
15838
1338
5105
12621
15802
9299
14394
2077
14790
5329
11180
9414
12935
9390
13306
14755
11050
12468
589
14357
5153
8894
16159
4782
1618
4590
896
2470
14043
14157
6548
11793
3310
9487
2499
12357
16570
1012
6183
10309
14183
7373
8234
3234
4786
10137
3068
12855
9286
7430
2962
13853
6586
6276
5989
8003
6188
3568
5931
15462
1729
442
9113
11842
1980
10610
6474
11946
8349
13179
16198
6270
633
8894
16256
3231
1677
10687
11830
14746
868
11970
473
2222
8817
4313
6548
5961
9181
4203
14691
11861
14794
8588
14281
8983
3135
6835
11963
4347
16001
9771
14132
6995
12531
14579
6435
1773
5577
10546
8444
4756
1600
6038
7242
663
10391
4978
6703
2367
12929
11167
15304
745
4753
16276
6600
3729
6703
4104
13462
9390
13788
5126
9454
14294
15816
8626
13295
14115
11826
13459
2758
8817
10550
13841
16565
6498
1649
11570
9016
14703
7640
53
12308
4391
15738
11786
11972
6038
2415
12438
7780
9840
11626
8309
9033
12922
1684
8588
13891
7408
10608
10812
15993
10809
3046
10144
9462
10701
4473
9983
4364
2518
10186
14343
8522
3226
9588
3008
4722
11122
4625
14599
5112
15769
6003
3765
10410
13844
10288
6041
4268
10158
12339
10078
4473
187
3046
14074
15488
11715
11486
2243
8349
6038
414
13672
473
9631
12209
9911
7780
15337
12582
10828
4633
8234
9631
11023
1
86
12691
4753
5745
6423
3384
5543
13724
9564
11715
10683
4204
5398
2243
15997
12922
8186
3035
16215
2983
5467
2394
13844
14882
11819
12898
12046
12400
12241
337
12329
14480
1364
12738
8415
3569
6270
15078
9722
2367
15836
9811
4964
3424
9564
2481
10883
14826
6263
7490
15639
8912
7386
10267
2588
14970
4660
5169
1738
12601
4724
9490
9722
1467
14772
16037
15948
5754
2671
7577
4912
10711
2661
5580
8212
14504
6799
10000
1810
15337
15135
4204
11715
2556
10007
2556
8063
15652
4256
3941
11163
15704
15652
2556
3026
146
16215
14023
2556
11342
15488
3026
8844
352
10614
15652
6757
3026
6499
10007
12241
2556
2556
1941
1941
4462
6633
2362
9799
3026
16215
7115
3026
3026
12490
12209
12241
2556
13770
12409
11843
7796
9100
9213
9860
14539
16172
10817
14281
13589
2635
932
10664
6290
14292
932
5989
16081
11823
15173
12772
9642
12582
7252
15008
11208
460
6341
14130
13522
150
8444
3554
10160
5970
3414
2232
4861
16218
8891
9108
5223
9455
2665
15191
3843
3431
12093
6970
12247
8061
10549
473
16001
12581
4054
16613
6257
1479
210
15135
10054
1562
3073
9116
8063
9525
8186
10796
8311
16037
13050
4222
3035
8670
4482
7049
10603
5257
2087
2958
16491
2231
15328
6498
6799
4066
7377
1713
6479
14517
15345
11297
16288
5112
14882
3424
9033
5193
8422
15345
5119
2554
7097
558
4744
10982
2581
11732
12848
15883
6998
16068
9290
1558
2496
12205
4977
15192
2802
224
3113
3035
16509
1219
11141
2473
10977
1806
4256
5543
1569
5370
11006
12152
10639
1251
15982
8705
13732
1600
9181
5543
824
9971
8083
15203
33
11769
4229
16383
5415
10100
11297
4633
4204
13105
3226
5423
13569
10746
10158
4283
4423
11324
3762
9631
2919
4531
4054
13672
15345
2394
6594
1012
8063
1806
5230
2045
4473
1
13672
5628
10546
5415
4204
868
16288
15381
5543
7173
1162
13828
6073
3177
1768
14349
633
12046
3335
6038
4649
2690
14561
4587
10809
9691
12336
5940
6301
10744
3068
6356
15088
12621
5628
9110
16070
2554
11742
14594
687
3283
8592
11986
16598
5328
2367
15555
15837
12296
9468
523
1100
1621
13262
5955
15186
15769
16170
941
12731
7075
4447
7624
1484
5796
7559
941
11910
12803
8744
11973
2195
14113
11481
7290
240
13853
4304
14101
9576
8534
9722
10356
15545
13885
5854
3653
9643
10335
9895
11875
1939
2544
2181
13392
798
9113
11753
11552
1991
8491
2670
3073
222
8286
11830
6123
13776
14448
11843
5048
2367
10661
9840
4850
8850
1618
15488
12308
2394
14197
7173
12046
13672
13652
5501
8482
12592
5855
15048
15284
9589
1145
12621
15381
11601
10558
6633
11518
2983
7115
13105
6719
4394
9911
4040
1787
11696
5955
10186
13672
5858
9005
15486
12209
8234
13371
4810
12621
14882
15381
2883
15488
4462
7350
10252
3424
4347
9618
8894
15286
12736
16565
7193
8064
8434
749
10692
1442
5992
7930
15397
3226
7260
4799
11742
900
1782
4304
8261
3274
1169
13135
233
5085
715
4502
6955
13397
2908
7010
13422
9543
3887
1137
8481
1039
14594
11794
12089
5002
4190
10730
14587
6633
1509
11830
566
3987
9299
9154
3291
12241
9053
15033
3762
5710
11998
16272
4679
13672
14288
16001
12901
13844
4649
3985
5561
7508
3941
10803
7123
993
6282
145
11006
6684
2367
3904
12492
1621
1
14955
13825
11324
9490
2507
1539
9543
4394
2983
5085
13258
3941
4730
11324
2266
12621
2300
3035
9289
15913
15488
12729
11925
4391
12205
10543
8208
10796
16613
1787
12621
5855
11742
5501
8383
10862
9761
2077
9626
14262
8309
1738
12581
10952
3929
11216
9343
9181
16261
12193
9000
16081
5974
11922
10582
5501
12241
16163
10100
11972
11052
8531
6488
9154
12325
10543
473
15585
6156
6186
15355
13516
3420
1158
4473
4743
11431
3008
14288
9289
7427
8291
9068
9213
16414
15304
13556
16115
1933
1732
9323
10504
2883
14274
9823
13295
15952
14292
14561
9151
4750
6760
5349
12083
6910
1251
2314
16598
8522
14169
13297
4482
12729
10614
14095
8765
633
5638
15203
9631
4724
1603
5014
7041
11552
12046
264
10517
2358
1566
1954
745
8105
922
412
9035
9983
10258
11844
6748
12339
5994
3553
261
108
1932
4391
9564
3384
15891
957
3110
13222
10735
12790
9450
585
14868
8894
8528
12475
13367
10178
2681
12384
11986
5373
3860
3699
6910
6560
14164
12054
6257
14548
14920
15350
1281
10891
9450
2415
1231
3134
13724
9221
3325
12637
14746
14113
7216
5994
10904
523
16082
944
8909
16188
5004
14737
11626
6498
14987
9487
10419
9035
11453
9722
2300
4090
8312
13182
15088
5851
9943
5661
3967
936
2479
7041
648
15898
5950
8675
10993
10550
9670
11997
10322
4257
11931
16019
6962
14511
11545
3929
1798
15967
13134
12130
3778
13464
15946
8312
10267
2245
8153
1131
9832
11155
2522
11337
12991
1346
12025
16469
5955
8143
1307
12510
5714
5554
11525
10116
4462
3908
625
5688
10590
14606
2919
210
14695
12339
12621
11705
946
7249
633
771
6499
13724
12514
11715
8481
11167
59
6787
7123
12601
3985
16469
6598
5153
8980
7164
11058
16469
11925
4584
2300
9068
13724
14746
14248
11486
3985
8444
5745
16115
8626
10359
11162
3291
5985
13770
9761
9068
10700
15576
7322
2588
5852
14684
9971
6923
6858
10558
2434
3291
7715
10437
7014
9983
432
2372
16019
1694
13574
15577
9911
10270
12475
6038
11668
6243
16073
6530
9982
2951
2518
16013
108
3073
10552
3291
4850
5292
8441
11452
2230
12047
15881
1466
13184
1896
2556
1933
6129
15345
15997
2434
11414
7448
4587
14039
8349
7408
13678
3263
6748
11715
10665
11772
233
12898
13672
4054
9525
8434
3073
4035
5467
4649
3078
11418
11715
6903
6923
6119
16617
5677
8317
8349
16201
16214
7115
4531
10592
13231
4157
5944
740
9005
3035
5329
12118
1599
3479
11167
13992
634
8411
9592
13365
8884
16576
16013
10351
8690
13290
4423
6684
5908
16613
4977
14234
7190
7180
1824
5349
3113
10232
11023
9891
13663
15048
7529
6090
5688
8850
2367
9603
2661
7421
3068
12621
9299
12209
7448
5688
633
13059
5004
1609
16576
12638
15929
14234
16159
8588
9450
9151
5501
14147
6197
6649
6925
5952
13844
246
4846
10406
12547
12950
3609
10054
5353
985
2394
15048
7315
12729
6498
3325
15825
11700
720
11842
9323
7795
824
1669
9181
4765
12807
7164
473
4814
13516
10766
5745
9840
11216
7683
3078
12581
1654
6156
2983
5677
6334
2169
15832
3073
11562
9299
79
5467
14325
12729
8185
4395
12181
3634
6757
13652
10258
12950
566
15652
2470
13868
4625
9450
11946
5858
3384
15652
11998
3547
7850
15048
2195
12429
12922
108
1824
16562
144
8482
3177
5112
1281
2362
9005
8349
6995
2169
12901
2473
530
12083
13325
4484
3458
3378
3420
15705
10464
3499
1806
9108
15805
2642
5745
16181
9286
4029
13992
10888
218
352
7797
12898
16276
5303
5899
7164
16006
7315
14832
210
15769
910
92
11700
10785
10110
6118
13365
12106
3325
16115
6633
5677
48
3358
15948
2238
7756
3134
10707
9592
3499
325
6586
11612
768
3894
3431
11872
11742
5710
9201
1798
1599
11432
6092
5710
8884
9823
3941
8406
7221
11122
4984
12090
15088
3715
1158
5543
10890
12582
745
5223
6484
14328
9729
667
4804
1092
12238
15529
14232
943
11185
8286
3479
631
11577
14248
6998
9108
12639
3668
9009
9009
7508
2186
4066
12492
92
2107
4642
11216
7410
8647
7279
6817
1209
13498
5835
13686
15572
6412
10590
13478
14872
5366
10731
7508
10000
14416
570
13646
5157
4810
467
2473
2186
1307
7249
3308
11033
1768
12339
2208
1941
8349
2394
2169
1145
10258
10809
4040
442
3035
5397
10632
67
145
11998
15652
4655
244
5329
11715
3226
15997
11077
3547
2231
13672
3424
144
9971
15704
11715
6082
16288
16433
11742
11058
15714
15488
12118
16288
11518
13033
15135
2394
391
9589
1566
2367
11888
8854
12241
15345
7173
8854
2556
16624
14445
5571
2367
7535
11476
14795
4625
5001
9213
16215
5908
1625
13770
7340
1787
13844
14595
6085
12209
16214
16562
1162
9181
3035
4204
13105
16062
1463
5415
4054
13422
7190
6633
6038
16624
12046
145
2243
59
12948
9290
15350
8347
9631
10809
6226
8349
1
13828
13724
14501
9587
14197
8531
10335
7131
8922
1162
9543
1145
4264
2243
11167
13672
11058
1738
14445
16159
2077
9525
13105
7252
10796
12339
6334
5543
6587
8242
5398
13844
10812
5415
11715
5858
13844
13652
11710
12601
2864
10730
9286
16062
14064
8129
11362
11893
1600
3715
3885
14288
15397
13462
15665
159
13048
516
2696
2133
3945
12783
721
4565
4083
13193
282
11532
14196
5695
10841
985
12637
97
9507
9323
13235
1449
6189
1999
1193
12871
979
7107
12258
9540
6437
7282
3308
8152
13605
8881
2058
11325
16465
13505
2272
16623
12129
16574
8984
16568
10145
12241
10002
13066
11871
6186
6347
5851
16383
13527
2500
6498
16163
10183
1798
4151
12790
10252
6851
8755
1086
5994
10888
1810
352
7639
4822
8015
13397
12443
1558
13235
2661
10069
6435
8674
5085
2232
3435
4268
13443
9213
3435
8854
4391
15656
15536
10549
13993
2601
13868
2434
749
2758
264
12621
15439
9151
9181
9891
9407
7123
8349
11262
6226
555
8980
2758
6226
2089
13130
11167
8336
11946
1750
16065
5112
16577
16215
8670
12224
16562
7575
4730
3859
8578
16256
9490
1145
8626
11163
4054
13516
7115
8531
12490
2686
3119
3177
16383
3941
10558
3971
9840
16105
1621
901
14262
352
3762
2686
12621
10359
12547
8626
12083
1622
6923
2758
16515
16214
10224
9343
12948
1684
3971
865
3547
3150
2231
11324
9286
412
3226
4229
14232
2598
4054
4256
2343
10825
14349
9966
1162
13105
1162
14197
13920
2450
11342
6073
12582
1145
9525
11487
10614
12490
10796
3226
3435
4204
14292
9290
16605
10730
1
4054
1738
16509
10550
9722
1933
11742
6119
8234
13569
11058
13549
5858
4204
9339
15997
352
9286
12691
13184
9237
11216
5745
16577
13844
5952
8173
14490
11194
15304
11611
9323
12090
9525
7986
6413
1562
8099
758
13290
565
11949
11124
9343
9543
9157
11356
15416
6587
5367
15860
9525
7399
9543
11077
8670
10416
1178
4907
11753
3985
4694
3094
12152
14589
9603
6586
2225
7294
8643
13511
4049
14125
11298
14248
233
5227
5410
11720
10000
928
8077
16316
5660
7671
1518
497
4029
4694
16163
442
4782
8922
1709
11429
26
16082
2554
3750
15099
14787
7871
8058
11214
1851
9659
5743
10614
4364
2225
4439
13067
3678
16562
13873
8003
4827
10026
13928
3727
12351
13009
5908
5823
14534
4203
15295
10614
15948
15229
14157
714
6485
15024
771
2605
3292
12915
7805
12566
2896
6226
11356
11844
14281
9490
10687
11946
5599
12336
6748
10827
12929
9691
9603
14755
761
14165
37
4034
57
10966
1933
4256
11835
7278
11972
9343
7886
4003
11705
11861
12621
1846
12384
12929
9505
9154
3717
5800
9525
6282
11727
7321
10092
12601
15802
2222
9374
1824
3547
6414
13549
5004
4146
8817
8980
7410
946
2169
14248
759
9035
7180
9729
11742
9975
12220
7890
585
6681
3177
15304
4462
10665
5389
5713
16311
2574
3270
13222
12514
6995
10564
14113
9319
11431
14281
11194
11058
1509
13844
391
12729
4753
7173
1
11939
15652
11861
10665
2883
3461
8349
7041
12241
12209
16288
12592
1
15048
4993
12492
14110
4204
12922
4827
2769
11862
9543
15191
8762
9891
10249
10144
4810
3026
6454
2951
14185
1509
13297
1145
4229
15337
12514
2362
1787
5688
10809
13105
9543
5112
2208
1407
5543
8261
5501
9286
6903
12118
10115
566
4724
9319
13732
13440
108
9587
946
15048
10639
15652
1065
3026
7350
3068
1933
8844
7981
8348
15576
6118
8349
12143
7780
13992
67
5002
5638
1145
2758
6910
9289
11167
6285
3971
6479
16577
14759
16389
663
10546
13040
3499
13724
993
11573
10550
2222
3479
12621
10558
2208
11871
10639
3499
9981
7929
3987
6488
5955
13397
11141
7249
12650
9290
10785
12650
11700
4058
13348
5193
4391
16574
8309
9213
92
930
6598
12582
2367
4964
11742
864
10100
10232
67
218
14277
6903
11998
15135
2660
14982
6633
11167
9631
4462
10890
7350
9290
3424
2958
1816
14281
15381
11342
700
473
2563
5841
10610
145
13652
14759
9286
7173
10564
6837
13258
724
12490
12901
15830
6515
13397
3668
12400
2045
1292
4391
15814
11023
10252
7252
6247
8111
144
663
4240
9373
87
13371
15135
6418
6038
473
14989
16568
7164
12123
14185
8854
6499
5677
13652
16062
2045
4679
4810
734
16577
12044
86
4003
6949
15929
9525
2087
1703
16170
14795
15888
4054
11818
16070
13187
7123
2243
11221
5994
1798
14202
14480
5677
218
12212
4978
3073
6732
14784
6509
6263
4240
13516
8064
13589
11710
8528
1004
9367
15284
2695
15486
9692
15992
11946
5899
11167
2274
3013
2045
2864
13130
13652
3073
7249
2802
11742
10247
11963
16595
12048
14561
15340
3073
13196
6990
2758
2204
12024
15696
6156
8588
3979
12046
5415
1933
9631
13033
13868
2983
11058
16062
15997
473
8063
16115
10252
13105
3073
8507
11518
3226
6587
264
3941
11861
6226
16288
6633
218
12490
9525
12226
10558
14197
10110
2563
9588
1145
1251
4810
11715
13184
108
12339
13724
12592
419
16181
5329
14288
3887
13652
8111
13556
11830
210
2864
7812
13431
12582
6891
414
11710
7032
86
9525
15172
9631
13672
5638
261
2556
3542
14746
8829
4655
8369
14349
8100
2661
8837
16562
5223
14201
1624
5116
9695
2966
233
7123
4525
14600
1960
6282
16509
12322
3516
13231
12848
14288
13770
10796
1039
2507
5436
8129
8349
10926
10092
8286
900
16250
3094
14281
2208
1077
9113
13881
15993
13478
8762
15769
3653
11899
2187
9181
33
7193
13290
3929
9691
13992
8286
15891
15172
6341
5580
1227
13371
5397
15284
15177
10253
8143
13019
8579
15831
5223
2425
11023
2758
15149
12922
12241
4615
5415
15888
15135
5745
11998
7935
4545
8349
10543
9543
14384
13086
7041
1941
16181
6211
6438
5858
11715
10614
12492
11973
13105
1941
5745
12152
10639
8837
6073
4927
2983
15033
1
15177
7796
1806
14832
4763
7115
15372
10258
11715
7115
6633
16214
12339
2045
2087
14341
12454
734
4435
2065
13906
5670
9174
1712
6789
1602
10000
6907
7339
6036
15802
10625
2261
3064
13335
2581
8215
11683
5698
467
4040
4058
6301
5349
15177
2543
4496
10137
4615
16465
10488
10889
12024
13366
11356
4513
15441
332
2556
4344
4631
10549
9079
15853
714
3499
3951
15832
9708
10252
9895
7796
1
1806
558
15143
6498
2514
9373
16565
6633
7252
12440
9290
5677
12738
14759
3501
2864
6499
5985
15350
210
13045
14110
2300
4953
9692
6247
4040
8100
7115
15368
3073
285
14746
11163
9052
16620
2563
11194
6631
11531
10952
12922
12241
4615
5415
15888
15135
5745
11998
7935
4545
8349
10543
9543
14384
13086
7041
1941
16181
6211
6438
5858
11715
10614
12492
11973
13105
1941
5745
12152
10639
8837
6073
4927
2983
15033
1
15177
7796
1806
14832
4763
7115
15372
10258
11715
7115
6633
16214
12339
2045
7041
8444
1231
15453
10546
864
16568
9154
12729
4984
145
5543
2169
10605
683
10610
10258
8670
9799
14232
12301
6488
5985
9891
11925
9631
3068
12490
3073
12729
9943
144
2921
946
6118
7971
8734
2169
6467
9424
771
1569
6974
12438
3699
9000
4850
10828
144
16469
11922
6038
11715
14349
6099
12244
10809
3396
9895
1599
7340
10184
6479
11941
3568
10808
1145
7777
16469
16081
16163
9844
10317
16568
144
3424
14110
3291
2169
1713
9108
267
5057
4463
8531
9971
5004
16617
4391
8261
12819
15928
12601
15913
2661
6038
13828
6226
15066
5841
9691
159
5739
5415
10564
1299
7727
15783
11167
2450
14196
6858
10890
14480
1337
16570
11722
4846
2679
10054
12901
8261
86
7890
14113
15286
6334
15216
5415
6375
9691
12653
13297
8441
8393
5004
5855
3325
1162
6715
4265
3644
14448
4977
9237
2473
9289
993
3613
4850
12429
14201
13574
4750
5803
734
13586
840
13369
11052
187
9967
9108
6282
1933
2951
13440
9997
16181
10890
1037
13283
14155
4810
2758
7528
1251
14277
6334
10249
7041
10683
12607
3618
4679
6093
12731
12492
12046
162
6454
1086
14900
12621
7780
11925
10110
946
864
12729
4391
11167
13303
2231
3424
6119
13040
717
2450
3599
501
3717
14746
10258
11058
3384
16469
12308
2983
2864
14196
5858
2758
14197
10410
218
10796
2208
8762
3887
8111
15135
4810
10000
11058
6923
3177
13105
13517
6949
9525
11842
12400
3035
4525
12898
3073
16624
2983
1621
11095
3941
145
13770
4204
5858
5501
12438
15929
2773
3423
15488
16562
10828
9631
5858
1933
4040
1933
473
4204
2983
3177
15929
7408
7173
14882
12118
13770
15997
14595
15536
14197
11742
13569
15883
144
15488
12582
5398
8137
9407
4810
12490
2679
1
11715
4054
3941
1941
1684
633
11467
1933
224
11925
9603
6356
11216
11141
15248
3388
9734
7107
9290
14113
5383
10344
10665
15992
14281
11497
3634
13770
8717
6226
7049
10605
3420
2563
4473
11696
12901
4507
7448
12046
5116
5710
10857
5623
7805
33
3035
15929
4820
14970
9997
9943
14868
12638
2790
8300
932
6417
4592
1584
11982
5509
9035
1622
11414
11518
3885
1316
16037
13168
6331
566
5156
9586
4029
15679
4222
5153
11657
10962
14009
2538
10484
8
200
15172
4660
8647
13583
15186
6219
10686
11075
5410
5251
7314
6364
5991
12734
3154
6306
546
3552
16562
3223
3493
11329
14253
6409
2964
15486
15503
10612
3462
8106
5
9943
6390
3699
14794
9749
9872
14863
8983
14728
5640
4660
758
11073
4211
15139
11570
10999
1932
10886
14132
12301
7239
9686
6030
8063
3365
9265
8909
15980
10914
7623
4827
12671
16465
5867
12638
12475
98
16256
10359
1337
12339
749
14794
11860
12699
5326
8529
456
14724
8191
10890
8588
352
12790
2462
1824
9572
10809
10137
10406
33
15327
8291
4482
3479
12339
3971
12193
865
12339
14066
13253
12685
1625
13516
7581
9154
16013
14274
2274
5836
4394
11337
11065
12922
16383
10558
14756
11925
1065
3587
14157
12475
8858
13157
3581
15618
13900
4319
5744
1077
14288
16256
1218
5349
1012
12468
1106
15895
9572
3666
812
11612
12754
3150
8636
1713
14970
5329
4364
5119
4631
6219
4984
11481
11485
13883
12540
7410
1684
14579
9579
11764
16565
12296
6341
3479
13732
8817
8984
12492
10692
11913
4846
11713
7156
9432
442
10158
12807
14349
8578
1289
10966
11023
10590
15091
7890
16126
13149
4211
7340
3929
3401
16019
6448
10286
11185
6139
3911
12238
6190
6176
10809
3365
7877
14234
12566
4151
1227
8186
14624
14970
6995
13788
9565
1553
6910
15064
3420
9113
67
12790
1923
16072
16043
4724
12090
15286
11485
11043
12848
4256
7224
7350
13392
6970
5855
9691
11485
15927
2951
3634
2367
9053
12621
1947
12272
7252
10731
6340
5944
14561
10081
12621
87
15024
8628
16595
4039
734
414
3588
2208
5373
1824
6334
228
1129
14743
9963
7081
15853
9631
7244
15088
12854
7761
8446
16201
9689
15349
6560
14132
53
13033
2162
14613
14795
10340
2665
2303
3008
5679
11119
16418
8383
6341
4677
9946
12054
15304
1509
8414
16201
8482
2581
6509
11297
14501
10924
7567
4743
5867
4391
3553
9432
10828
12152
8531
11167
4146
3130
6633
16086
9722
7115
11167
3073
12729
9125
10081
2919
8457
3119
5372
16577
864
13105
15078
16605
663
3156
1798
4610
11772
3435
8063
13392
11946
5116
12044
5758
566
10054
3420
2208
16181
3435
2208
3226
264
11058
15048
8221
930
1539
5292
2367
13885
2243
3265
1176
9277
15750
16150
11844
16190
3487
11574
8272
8983
5405
1707
12443
11888
11452
8507
985
5504
6090
2039
13464
2101
13652
649
13549
11835
13235
8534
1624
16043
12898
10158
5836
734
1316
8433
7239
6479
9522
6974
12848
4003
6370
5899
13045
8013
13135
16110
11759
2928
12588
5653
1566
14175
6190
566
13732
1621
9891
10495
7935
11203
12599
5638
14609
6096
8630
16509
3401
3220
721
687
7410
6554
9116
7890
4516
1523
7168
11077
6041
16465
4584
16001
13105
12400
11998
10031
8309
5001
10232
6340
896
15040
3237
13105
6703
9983
3501
7408
2101
8261
15008
1724
6226
4912
5410
5955
2955
8953
14759
3139
5920
8234
8916
16181
3424
5014
1806
1223
2661
3729
12024
7180
634
11844
8311
8208
2243
5955
16240
14288
6703
13899
13828
15271
12152
9374
9565
15284
11075
543
9241
231
8619
12922
5745
2434
11052
14772
8670
13369
10614
4391
4978
6257
4625
419
13086
9565
1
6582
11830
15372
3971
6017
13992
7917
10186
7958
11052
13431
4924
13885
4625
2661
14261
11357
3792
16491
5761
5415
5745
5484
1738
12935
5353
13290
6247
10730
530
12581
13019
14197
7296
15326
414
3291
6038
9722
15536
13440
6633
11715
5061
14293
4610
8588
10692
14000
7097
15883
16062
4289
5677
11455
15008
5591
13770
13440
218
5250
8457
9290
16073
10411
3384
10610
12032
6119
11924
5638
5415
10796
14691
8580
8064
145
9343
9603
14772
9981
11006
6995
16021
8977
2864
4104
9201
885
5698
1467
11714
8798
12582
6075
9196
6366
5410
10923
467
2045
9719
5141
10406
9551
16147
8276
16383
13776
655
5744
8441
3169
2045
7630
8940
6498
501
37
8647
9392
11604
2985
10605
900
3325
8662
10610
9551
266
12398
10186
6910
4088
7168
2883
4585
2690
14673
3739
7803
3594
16096
7796
10590
10817
9391
4552
6341
8744
9041
2192
12152
7030
15993
8286
4876
14268
13549
485
9404
4522
16147
14544
12004
473
13583
12054
1724
11829
7390
3346
1131
14255
4350
15155
6341
11262
9110
13973
11180
275
13586
15403
231
8272
700
5116
13885
4590
14561
9000
9343
2225
9339
16013
900
12621
15033
7958
2077
14201
14746
2758
8837
13045
3150
16568
15381
11052
5841
930
12898
6177
7131
1012
7448
6681
159
4257
13392
5744
16509
9116
9072
9181
3542
15639
8578
9108
5841
9618
7097
14613
6341
11205
649
7880
11455
5085
1457
14982
6530
12205
15248
3988
4473
10002
9323
16096
937
10731
376
4001
922
4066
6860
418
6471
2676
12638
3401
9343
8908
12676
6562
11745
6037
12492
4743
1646
955
11612
12426
6268
2624
5329
4321
3543
16111
12503
4320
13899
10608
8063
5638
4066
9005
6631
15135
6622
11023
2034
659
10592
210
12950
15174
14125
13325
6073
1707
10258
1806
4610
9151
5761
11216
14511
864
13502
14147
3158
3581
11196
11216
1509
3035
12901
4719
7890
6499
633
16214
7115
4391
14293
8111
900
11551
7350
8441
3971
4924
13091
5992
4621
8807
15465
11570
10962
16163
13516
16521
9767
15542
5677
4057
4151
16286
4743
14229
9439
15079
11844
10267
5158
5353
748
10845
2647
8829
4846
523
553
13458
9387
1622
2034
7517
15174
5043
3547
11208
4901
5708
7971
9608
7914
7421
5162
12637
16337
13283
9631
12592
1941
11710
9525
1
14197
16605
11753
6543
9589
2955
442
2362
9631
11077
4054
15652
12514
14197
5745
11827
16617
12241
12099
12209
2169
5501
5501
5858
9631
15381
15704
6119
4040
14197
67
7819
13652
13397
4054
218
4462
16383
2280
15337
8063
1145
11167
5329
2696
8977
16147
10705
15088
11499
3062
12207
6758
9097
15299
16305
15656
8829
8414
67
637
12336
15806
6490
1535
865
10424
14229
4867
3529
9284
1558
11463
5142
9179
13414
7449
9507
649
8389
12193
3902
10529
10703
11275
7577
13586
5104
7798
1708
11151
7698
2679
3161
8111
13187
6738
16085
3226
9367
4414
9799
4846
5085
16115
4394
15704
6129
4304
12637
11380
12429
162
9840
8348
7021
16265
13516
5116
12541
3104
6748
10110
4391
6559
10543
2375
3420
224
8434
2928
9808
15532
10054
11596
7644
15819
13050
13667
10735
4858
13751
5015
8393
6257
9749
12582
4525
8854
16624
87
10247
4964
13895
8258
9181
12032
5761
12848
6156
14708
10924
12713
1012
6219
15012
1986
11065
3979
16021
2208
12922
11543
11653
10965
13440
11786
12129
12638
11550
12489
10224
8279
10189
8647
7780
1286
8064
11418
15439
15242
10543
2670
9390
9154
14794
92
6340
14606
4350
11844
3678
14609
16410
1625
2773
5899
5359
4146
9981
12950
16414
5370
14169
1599
10537
12824
16562
10583
15345
6257
1169
7164
5187
8578
15769
3282
6038
11023
16288
8458
5057
11141
9432
8311
3634
14746
8807
2588
12636
8894
9163
4482
5931
2563
15337
1553
6715
11262
13262
1600
11837
15048
9455
11487
16256
11727
2660
10924
9450
11345
16164
745
993
8015
5449
8984
9833
9782
9113
5859
7164
7010
15576
16126
5061
8092
5753
6375
4364
1324
13082
9373
13149
10692
13970
14929
5447
12684
14772
8349
10069
3552
5094
14923
5410
5117
11570
6774
280
7315
1216
11939
14587
1509
3951
3744
4660
9058
1789
4241
10002
7958
7794
12848
5002
14463
8496
9619
14795
7529
5623
7636
13258
1928
1841
5251
2679
13465
12588
6366
12729
11562
7339
1932
8576
3461
14613
5246
1557
3424
6863
352
16414
5141
2507
7298
14724
10543
3135
6684
12290
3887
10665
1566
1516
16043
13398
11986
9722
4305
3291
15860
3979
3594
15883
5901
12431
162
4029
9490
10504
9134
1876
3493
7797
5855
1782
11260
7535
13632
3668
5667
5085
13290
9181
6949
14292
11014
14970
8837
15929
15704
8578
7958
3134
2772
3985
14232
760
2056
11531
924
12090
449
7612
16616
1951
9189
2934
1085
5250
6176
7077
14539
16567
1107
8670
2186
10881
7216
13732
7696
14573
2864
2303
9946
4491
3532
3862
1761
15610
13574
9708
14561
10522
10464
7880
2867
1650
4034
3177
11511
4423
4625
9286
8102
9631
4040
14501
1162
15704
1509
8434
15952
2450
9286
3384
7819
6334
12025
6156
663
6830
15488
3739
11167
3057
16198
5484
13569
1787
11715
8507
6923
1566
5085
7365
6211
10252
2169
566
3068
9237
900
10546
3435
15576
5901
12621
9722
15135
5329
13184
12241
11998
2037
11342
8854
16081
13652
13050
15488
13652
1145
15328
9108
16383
6681
5989
14545
11485
16043
8234
1787
4584
9237
5613
11710
2169
11342
6499
15805
13392
1933
2507
5961
13434
11808
10665
13844
4256
92
12492
1509
6587
1621
11167
15135
16624
900
4502
11861
4964
3073
2069
5758
3154
5854
6934
7049
275
15928
11862
12574
12790
11077
1615
4984
16214
10405
6317
4750
2864
10258
1810
10641
7566
6340
663
15286
10692
14276
10716
15135
15881
8614
10687
10590
6247
4743
5292
1292
16235
11337
14587
3068
8221
11205
14234
12621
3069
3283
5467
6156
8311
5511
1713
8383
6420
442
9439
12922
7049
4146
4615
10639
16605
5450
14746
8032
2415
900
11862
10110
2449
7373
10007
12492
9490
11829
1509
9691
15135
6183
5571
2394
2449
4545
11949
1539
15486
16214
8894
5484
11925
6282
33
5266
11574
10828
8531
7284
4719
13365
4957
12193
14517
13194
1176
7812
7127
13858
7279
14344
4122
13572
11842
14113
15062
9181
964
16164
15048
9323
11194
6455
8036
15416
2324
6156
3643
11262
12369
2367
4386
6705
16521
4029
4820
1289
15048
13440
13841
16383
9181
1939
543
9100
13951
585
8272
1896
3420
2089
4066
10486
1012
16620
5944
8015
8977
4655
11922
13569
5623
14728
4447
6562
6799
13064
900
8744
4040
9572
11543
11931
8348
11006
9392
1922
13262
8964
14794
5373
3314
4090
6880
8817
4756
4631
16566
4850
865
2676
11468
2868
5193
12160
16081
6554
9170
4842
4268
33
8534
14882
13040
633
15482
9068
12790
12922
15350
9432
12181
8578
5899
6442
4426
5484
6186
14501
8434
442
4054
15891
4898
11124
6705
13079
2263
8762
14594
3501
13306
4035
10966
442
16043
6341
10707
11925
11058
14594
10965
11149
10549
10258
16566
10134
11461
9299
6438
3987
8647
2243
5867
8531
159
13397
16568
11058
12901
1738
15008
15652
1162
2208
6263
3424
4395
3527
9181
3634
7097
15350
2352
4256
15883
15845
9290
3739
13397
9891
210
8670
14940
11710
6633
3420
14288
16568
9108
6499
5744
10730
1566
13290
3068
1198
2045
4531
2514
9005
92
13652
14826
3987
2987
14110
6119
10965
10144
7041
3904
1
2394
6498
5410
92
15048
14281
8221
9589
4473
864
4265
1251
11468
13789
6949
9373
15488
16256
11324
2045
6923
11946
1835
13664
1050
15426
9151
1299
11171
7252
137
9068
5467
8198
8457
218
11124
6995
1768
11077
15033
4029
8148
11842
12588
12327
14202
13652
13059
9432
9490
11786
9404
5484
8140
3985
6748
7350
6129
13646
8064
10054
4805
6771
13283
2588
10178
11324
267
15033
11095
6787
9997
2473
4810
13939
4391
1625
16043
8837
14003
6847
2544
9286
11004
1806
5048
11998
3177
4730
13668
4649
16545
687
1724
33
7041
16515
11844
6995
14281
5112
2541
2058
3653
11764
8077
12224
11573
5415
13589
1941
11208
108
13050
14053
13045
9000
3008
6923
2473
5841
8854
2661
11052
5349
1293
15304
13732
5761
6633
4525
11925
16414
2661
97
2350
1599
11486
2339
1954
9946
5640
14183
6186
5001
12041
16096
3458
9426
6929
9439
15218
11532
19
8286
5257
7671
12210
7390
2934
14349
10287
4504
9985
10661
14293
6787
1566
11362
13828
12536
5001
14958
7743
772
15992
14710
12290
13759
6557
15837
15472
8578
1823
12581
5661
5835
10100
10769
10520
8152
4978
13992
11573
11155
11275
11297
8441
2367
9462
13365
11786
6438
13235
6748
3308
5373
10178
6582
9490
10411
15091
13918
14832
5745
3666
9289
5908
7041
7429
11468
10522
3985
13290
10520
59
11573
10406
13269
3479
12152
11893
21
14432
9390
5580
1307
9719
7729
5761
14473
1824
12308
12337
5166
8422
7311
11415
1712
3406
11511
13652
4344
12971
11525
11992
6694
11604
4268
1050
13899
7128
1960
13045
4189
2166
6554
4255
14234
7360
1726
14113
10520
2222
4473
4779
5501
7858
8823
12271
8909
7535
10411
6341
5450
4616
9299
5955
9005
11743
8261
1654
2324
6995
10558
11052
457
15000
10965
1681
4567
680
9454
3971
1281
10558
10890
10796
6715
6738
720
2962
10287
11699
12971
3588
7970
4984
432
8531
10997
11998
12647
8349
5501
15576
11949
5580
15066
9151
4905
16013
1566
9692
3078
2350
144
6284
12193
10335
5187
8111
2208
9495
15738
14609
6341
5591
3599
6380
2232
2089
5554
6301
15769
8064
15628
5867
10391
11124
5948
9164
2034
6565
2034
14501
1337
11925
11963
8513
13458
13993
1628
4850
9603
4172
565
5952
14982
6361
12554
8458
12889
13105
12738
6183
9414
865
9265
9290
6073
14281
11715
11468
7041
5501
1806
5398
13652
14293
1
15704
10007
15488
12971
2758
7173
12971
13050
7350
4462
2045
2169
1
4462
1941
8920
3177
1941
1941
15652
2864
10614
11058
11715
5001
14197
8580
5543
4584
5944
3226
4584
11715
15830
14197
14263
9319
211
10110
16577
16562
13672
12384
1649
13045
7761
4631
12226
10145
4719
5628
16459
5543
8191
59
4240
13516
4814
10582
6903
9572
9343
13724
3435
4395
8348
8198
1251
16214
12636
59
15802
7123
67
13652
2300
4395
10258
2077
12046
7123
7795
4347
8100
13770
9891
8103
1482
3514
11732
5952
6910
8714
3783
11700
11835
13414
6705
10608
10158
13920
633
2195
9343
15668
7812
8690
8349
4551
2350
3552
16613
4850
3914
7010
610
9692
4370
3785
8458
13099
9981
900
8534
1279
13873
15639
3778
15806
3547
13572
9005
15993
6129
8309
16605
12209
3971
15337
5944
12046
4054
11342
13652
4256
4462
13770
11141
14795
6073
13184
3026
218
4584
1933
15652
12241
1933
3887
12241
264
5858
1933
1933
12592
2556
12209
9943
12241
16215
16288
4204
11167
2450
2045
2758
16527
6073
92
8647
6073
1941
12241
15652
1
4049
4927
7421
14760
14432
14739
11171
2232
5004
5061
9691
9518
10994
2546
4403
6802
6320
15992
8006
4189
10416
14904
4222
14262
8884
16487
7890
5372
15982
3097
8931
6955
15918
13346
3365
5672
12093
1151
16593
9157
6654
9742
11506
16147
9813
12305
4283
9833
649
2588
5899
16494
14248
3531
8441
2239
5465
13045
15803
16613
6036
8346
7683
16144
2518
4417
7780
5693
7139
13769
6692
15860
1896
6774
10543
9327
13993
11216
4991
7339
6910
15185
5126
3594
1324
8614
9490
8198
11005
11101
11141
11383
8984
14539
9163
3378
7803
8100
7190
1729
6681
4090
14023
11818
8185
159
8588
12336
936
6891
3594
10387
14573
4959
4510
8501
5653
9823
15304
11005
6554
13130
3310
16013
2208
8092
16159
1178
5327
443
10924
5944
6156
9691
10515
11793
12783
13099
15066
7203
11325
11406
16159
12489
9213
3310
4128
11065
11023
11512
6554
15769
4289
7640
8032
15135
10081
12118
15255
3073
9286
2556
210
15536
10508
6923
2588
1750
11023
11742
13262
9213
11596
11342
6587
10976
16214
7350
13297
1289
13572
10549
12901
4146
6738
442
10411
946
2362
13572
11440
9603
8705
12657
13652
4810
7373
6587
7190
8242
9631
8916
16215
745
92
5004
8854
3150
11596
9265
9074
901
8311
14197
1050
4810
16054
2760
10890
10828
11998
8311
9016
10232
864
5423
4625
8444
7252
13105
92
9290
5423
9462
5467
11167
637
6587
7699
3226
6073
8186
11324
2276
11925
1162
7917
12046
6257
4844
1
7190
9525
8980
11772
13652
1569
13290
15652
16215
11429
11715
8854
5116
10007
4525
7045
16605
10110
10258
1621
9525
14600
9543
14197
1806
3461
10828
3599
11342
15078
13222
1724
11998
2362
10288
3396
1162
7115
12898
8063
1145
9462
8940
2983
12592
1933
7514
13222
3396
4649
11742
13440
9319
5611
9299
15652
734
6771
5898
10286
2415
13231
2229
16001
16276
5908
11732
1562
2928
3971
6282
14248
7115
144
12514
67
2966
7819
15486
2902
210
9895
6902
1562
9407
3073
9113
1923
11043
761
5467
2802
1337
13770
8291
5447
4022
9290
5348
16201
10605
6799
3283
14772
3156
10104
12985
10582
10742
9073
10550
10110
12935
5739
16521
6454
7871
12582
4977
14606
10178
9997
226
13630
3551
749
6330
12647
10104
6442
8705
14479
1187
6787
3384
5803
5661
1941
7290
9294
6479
10982
7499
10625
4463
4172
2883
11297
12454
10700
6878
4724
6498
15345
10552
11004
9113
4090
14349
2883
210
9955
11823
7758
9029
11453
13992
9554
14248
10232
2651
3917
9576
5292
5743
16623
7958
221
11688
10398
3274
12272
5398
4519
9518
16223
12749
14868
6189
4682
6684
265
11786
10578
3666
14920
8446
12837
16001
1941
15704
15488
3887
15337
12729
12209
12209
2450
1941
9589
14023
12241
4462
2758
10841
5247
15652
218
14023
12241
16215
6073
1669
14023
13770
3792
4054
15652
4040
13770
3363
15704
11715
1941
13168
11710
5524
3869
7173
12209
1933
11710
15883
9265
12209
11808
2169
264
4462
14908
11727
10256
8215
2300
12732
13168
2828
13664
10890
2266
11963
11823
714
13772
3553
3658
4516
9982
10735
12296
7649
14274
6390
12193
10476
10966
4448
13776
2631
9589
7193
12800
9061
12922
10084
4391
15758
4525
7249
15337
1339
7667
6219
12965
12456
1281
9733
1448
9076
4204
15033
1941
14795
7173
10546
9286
11342
14197
13770
13569
9631
3435
13868
12209
5467
13105
2208
1941
16469
12073
1941
3941
16624
9290
9525
8647
1621
6340
16624
13770
9631
9407
15488
14197
9181
10890
1
9319
16081
1799
8854
1463
16469
11861
3226
9237
14110
9125
15488
6499
2243
15805
5043
3547
8349
10639
5398
8221
12490
2563
4054
5800
9319
5329
6903
6949
15652
12729
4978
4827
1
10144
9490
8578
1145
11715
67
8092
7448
473
13231
12490
12729
11052
2758
11058
11518
13464
13672
357
1738
5247
4531
4984
13828
11861
9631
11753
14281
13489
8204
944
15309
11325
7986
4379
2968
12754
16256
15837
13346
12212
5447
14684
11767
6488
10239
1574
12944
11461
8845
10914
15064
10549
6276
2507
6726
5734
12193
2624
3588
345
12288
12131
14890
8077
4016
13507
1621
9588
9566
15670
12238
9824
555
14790
8916
11518
11974
11494
275
5017
5628
10186
3911
432
15750
12272
14263
15229
7064
649
15271
1307
9689
14354
12205
12337
2883
3575
10249
1900
1932
13586
10340
12181
15948
48
10605
1179
6998
1911
4931
8015
13297
11742
10881
6292
6565
1929
4799
285
16593
2601
955
7623
7241
5906
6995
11614
414
9306
3325
10812
5621
4519
5800
16383
952
1115
7022
5777
8865
6261
9777
2058
5974
11757
1768
1340
5955
926
4426
11691
11208
6726
13595
261
1852
9293
12210
2473
3226
5169
9824
8916
7355
261
9073
5744
210
9811
9373
10583
10817
1824
8048
11742
10874
6003
7173
10249
1482
10404
6703
11431
15564
3653
8348
1713
11324
16081
4482
11946
11485
16609
376
2517
14101
7640
7097
2394
4610
376
1004
10340
1558
6014
12296
15441
11743
473
10552
865
10608
10249
12152
59
210
11819
734
1757
9597
15576
14288
824
9734
2303
5667
11745
9426
714
6654
275
9033
5157
1954
14578
9966
3885
12991
6554
2598
30
1588
6802
12636
6498
10590
2161
1050
3310
13572
4431
2354
2361
659
11167
14609
1293
6799
8891
2658
3650
2787
10416
14923
3534
12523
3134
10890
5713
10608
145
4977
9033
14987
885
13572
13963
4175
13135
2883
6955
15192
14434
11925
12653
14780
10625
4151
13505
1951
4719
10874
3547
2089
11045
13684
14950
11130
8830
3885
11562
15952
137
3420
14624
5938
5836
5653
14349
8458
5763
14154
1649
5688
10785
5126
6916
10965
9324
11668
12468
3010
6152
8630
12188
2261
2450
2353
8085
15927
3156
1218
8825
5105
345
14084
15686
6479
1299
13033
6903
4473
13365
2773
11196
2638
864
11861
1879
2225
4618
1738
3226
16617
4804
10965
5329
11626
15769
10828
7298
10687
16595
15350
9692
5398
12859
3073
9290
1707
87
7577
12117
9068
993
15155
2367
1069
8916
14281
1281
8349
8450
4482
11970
10189
8185
4545
8854
6474
1299
964
4753
9722
9565
6649
15927
5424
15993
12514
9053
6499
15686
10683
14633
8312
12044
162
14232
3929
8105
13517
13465
13569
5061
16023
9221
13397
9108
10110
5382
11574
10288
4775
15453
10550
9373
15714
5040
3013
8347
15845
9782
14133
2665
1378
930
4032
12308
6818
14003
13194
6684
5547
5310
8148
203
7990
13732
14059
9576
6124
11970
657
9033
14854
7877
13966
11823
12734
13842
15799
3872
1509
9062
2870
13760
10207
10828
4750
3666
8298
4682
14196
9343
15453
12475
10550
4631
10558
13273
14125
261
8015
13392
5397
5570
11786
14442
2367
137
14814
8434
8023
8221
5688
15883
13413
7350
8962
7528
663
8434
6684
5004
3547
14854
8670
13672
543
6499
15860
662
10110
10610
11998
391
15008
12582
6995
11115
13672
3653
11324
10982
6282
