254
12339
16081
8883
566
15536
12621
10286
2195
16198
6205
16605
1145
13366
12241
3226
15741
6129
8922
9373
15048
12898
2012
8261
11862
15135
8349
12760
14900
15345
8444
10081
11715
9373
1479
6738
15488
11058
12398
16215
12181
2171
15374
9151
3384
16568
1479
2195
333
7867
13245
9240
9694
6418
2222
16006
9643
979
8223
5582
10069
2797
2795
10889
16330
10752
10360
11242
9116
13031
4211
8673
1471
13446
1539
11664
8798
10746
14004
12902
12350
15788
8983
2695
2934
6606
14654
7131
5081
2329
10411
9170
14579
1842
9121
9582
6579
13992
7340
14519
2387
1629
9832
4543
3972
12676
10947
6923
15398
8301
5907
3843
15396
5266
15440
14968
5745
6479
8153
8536
12018
6232
12423
7766
13842
5704
10625
10587
12416
13883
2497
5327
352
7553
2229
15802
3037
4610
13262
8632
11194
13645
1173
651
13963
10398
834
3241
6488
6654
14201
7123
3150
8844
2169
9691
15350
16562
5315
9890
12241
8186
9525
15135
4586
12490
7123
15350
13105
9525
1599
8670
16084
2169
14561
14293
2983
14746
9943
11998
12492
9151
7850
10550
12790
15135
4567
5543
12397
12468
3177
3859
13184
5370
10614
5014
10550
15972
16605
5477
10841
175
11383
8063
6995
11765
12152
16574
14185
3310
16617
1960
16081
868
4813
9201
14989
2625
6755
2787
8286
1601
8670
2352
10224
4101
4820
734
2212
12181
1566
828
12586
11396
13776
6465
2676
14958
12429
15477
12991
937
6226
4015
65
3073
6748
2462
10501
12887
9151
3643
5688
12290
2073
8193
8499
11499
6282
8105
16054
13352
9987
13222
9187
3487
6219
233
8203
3277
1466
3134
6966
14739
4579
14442
4268
10543
3291
3073
1622
8083
9811
4867
12480
12732
8738
1467
12443
13040
12004
14431
3424
10174
14171
902
8105
12497
4172
14262
5917
5043
102
12490
6129
8291
3204
14262
16214
9872
5855
14511
3461
6257
9642
6633
1479
5961
5886
14227
13231
5948
10249
4341
5892
9284
15025
5044
8916
9390
12242
12760
11485
15193
14845
5501
4116
11452
8531
1738
4016
3249
12073
13235
11485
11287
9873
16624
8105
6495
10705
15997
9933
16624
10100
3869
9286
15304
14281
10546
6498
6998
8578
6719
5501
9073
12308
16043
6903
587
15576
6903
771
15191
5501
2686
4615
16164
9237
7115
10796
5952
12731
11925
5227
14594
8309
11214
4311
15652
6738
3068
11925
13290
13105
9084
13868
5931
6226
13645
3553
663
12936
2951
15426
9817
12638
5638
6910
16159
8844
2362
7529
14053
8619
7032
600
10286
3073
1793
6118
2934
11325
144
6282
15883
9527
1932
7575
14234
5661
12650
1198
946
14202
5126
2679
3098
15212
15074
10582
13992
11792
5223
9343
15310
8058
12856
5580
6728
13187
14748
8894
714
15536
7410
15997
12729
10546
6479
12123
2598
9241
4350
13086
2881
407
14772
4973
9424
10144
11262
9653
11058
12582
9181
2919
15866
8894
15304
8854
15088
1946
15972
4482
2665
98
6891
11023
9933
16215
1178
4978
12621
7699
2438
553
5855
6830
6980
2679
1050
11418
9525
12209
11931
11141
3363
11455
6073
11918
11715
14621
16624
15284
3177
9631
67
13033
1566
5739
11205
15328
4198
3265
14281
14882
16115
13371
4727
1007
14686
3717
6543
3861
256
8575
3177
16562
11732
7373
14201
11918
3971
8269
14232
1145
7995
13652
4256
1237
1100
11727
868
16577
8208
12421
3688
4473
8317
10489
10735
7278
9765
2802
7917
1783
553
10576
8156
6577
13724
4537
11551
9943
4391
11939
13040
10543
14969
1810
12044
376
13732
12540
7004
9125
8444
2169
6119
2450
13397
12729
10224
9572
6388
14263
5591
2415
2429
15696
10583
12288
9154
15013
1516
734
2059
9316
4504
8563
1327
8347
10192
12099
16341
2605
2395
13963
1991
11573
11356
3571
11055
3431
4064
6430
1974
2765
3493
1346
2541
6995
3985
15088
2679
6967
9144
2481
13298
1710
3911
4375
14978
5010
265
150
10162
3548
5292
6442
14595
8186
10833
3068
13303
11854
12296
13231
5985
3335
5484
16215
9005
14445
3869
8058
13652
5349
8202
3689
7630
7097
13891
8717
15686
1012
1732
9237
3699
14708
16526
3553
6748
5501
1599
16159
12114
6012
6910
14517
9290
6571
5224
2583
16568
8846
12919
7097
2012
12971
428
3499
13401
3420
1933
6787
3226
2272
1065
13366
8879
6995
10144
5599
1649
10258
900
10549
1806
12106
9116
16433
11342
10107
6858
14110
14063
5094
3971
6247
13184
11918
4794
5106
3384
16215
11705
10224
6499
15536
1086
14517
4567
2496
16562
10796
13245
1227
2695
