9108
9589
9650
1933
14196
10286
12492
5580
9005
6434
1747
16115
9390
11185
4240
551
8441
473
16288
11342
12621
10632
8102
566
6356
7949
2919
15345
12209
4394
1621
13770
6587
566
3435
8063
1086
1198
3717
9290
4347
3458
16181
4473
12083
15929
5940
5944
8349
11925
11765
8571
2758
7278
2280
10464
20
10061
15585
4820
15806
6093
2172
9564
3298
14438
14374
12329
10263
10411
3829
5599
4250
14599
13686
5825
13826
9582
14952
6813
6358
5007
943
6366
10605
11006
11832
14066
10004
7508
10340
11046
708
499
2355
3097
9173
12936
1210
5960
6916
5570
10717
6093
3201
15881
3526
3207
1339
9327
13527
9618
2955
8753
5778
9917
15796
5043
15982
2517
14970
418
5611
16201
10721
14113
14464
1726
13006
8781
10735
11925
122
11360
8840
5329
8286
14399
10344
6560
1039
3618
11108
16579
1960
87
9113
11786
583
14587
15381
10614
264
5858
3177
10252
9589
7935
473
3226
12209
7131
7819
4753
12241
1941
3177
473
16624
7164
15652
4724
13365
2450
10252
8309
16582
10614
16286
10796
11715
13652
901
16562
16272
4462
4256
14281
6038
10614
8626
5467
12490
6499
5858
12705
13569
9407
10252
4204
15453
13290
8092
5688
16062
16605
12048
6499
5370
10965
203
13556
6558
7812
1467
9108
2955
253
11065
14232
14501
9151
5104
14794
3653
6467
2883
16126
714
9113
10054
9692
6156
4122
8215
8922
8690
10258
5638
12118
3113
10578
15891
12898
6119
546
1922
16509
5592
13429
13445
3271
11939
12819
3376
10407
1796
12787
3064
2557
7529
11163
2965
3783
13613
7314
11468
2195
3126
11345
16249
2609
4767
12463
7339
6248
2252
11893
6341
1574
11904
8580
4198
2581
10318
1892
15898
7296
5796
6083
14950
7528
6635
14293
10744
10134
10603
2200
9062
15783
9742
15996
3132
8829
1273
11453
13346
11673
10344
6554
6109
4584
4071
2100
1922
13769
16244
1169
14430
6056
12118
14121
584
6454
145
12997
12148
2601
3165
12848
3918
4750
8798
11345
8458
16036
15229
11345
11726
6755
14819
6907
7340
9636
2896
8131
4101
9833
9722
11101
2983
2077
13586
473
9000
8670
1145
5501
13371
218
13569
10914
6606
7123
6282
13397
12048
9163
1323
5688
12118
8647
16469
4827
13868
12685
2868
2883
6705
4782
14384
4204
1738
11830
2045
10558
376
3527
6923
7528
11764
3581
218
5761
285
12566
2266
3904
8912
6587
7049
4587
9289
9895
8257
253
4744
4730
3887
4804
1787
3729
13105
3068
6633
8580
3078
8414
15374
9113
6334
8286
13187
11835
5112
4682
3873
15328
13392
9319
9525
8105
13440
3847
6423
4204
12181
8100
6684
16036
6282
159
8441
4097
957
16617
7713
9100
5329
12044
4463
14876
14196
4660
3461
4210
4631
7929
8458
2828
13290
10404
622
11429
10515
16585
162
13414
7886
1158
11124
3150
16360
3759
8272
16239
12279
10186
1231
15422
9000
6565
10360
3552
1625
11941
9308
4516
14628
16164
1649
3542
7577
8192
11979
8333
16490
13776
13135
1829
11946
12207
1851
15386
10356
12671
282
15353
6690
3261
6998
3413
10002
3013
3396
8298
1119
15455
8291
15066
13751
6282
13707
6715
5753
12327
6586
11706
12641
11862
10711
12221
8224
11096
5251
11455
1892
3129
2955
13177
8705
14930
15066
9279
1078
13168
14975
5003
9848
3843
9848
6434
6633
16124
1551
3873
11297
6282
16613
162
9163
2955
6660
7529
14872
13855
7795
6738
9468
5001
92
2484
4090
8185
7890
1810
11836
15927
9007
5994
3717
12848
13290
4143
15883
13397
10116
13569
16181
14288
7164
543
5745
12426
16261
6693
11914
2362
2256
10683
12592
9439
6499
12773
7123
8369
659
1145
2169
12046
1
12601
16201
1145
3717
8578
5112
3226
7935
8221
9290
2080
8261
2045
5944
9237
9373
16288
16383
11710
14539
11772
10890
2679
8221
11023
8854
14202
7249
13371
15381
11167
7173
9833
11551
12339
9174
14445
8349
12046
13187
11185
3073
14854
3429
5858
7041
6565
1251
15135
7041
11949
8580
6925
9722
6498
5944
4743
15642
3547
7097
13045
6119
2758
6598
8984
9485
7249
5836
1479
11998
15064
10558
15929
16469
16164
16126
8111
1726
15769
9462
16021
4984
10515
3972
14113
15555
6334
10746
9692
5753
11727
3154
11756
11570
13478
11574
14755
4592
3420
13672
5677
12288
16008
5040
6479
5447
3110
12193
15091
11208
5800
10989
13506
8087
2543
4814
10731
2881
7667
13253
16465
9997
5004
2473
4369
6571
14110
6247
13516
15769
2883
12475
3517
1482
5677
3847
15991
9392
16576
13460
14023
14746
9576
11922
1466
16036
14606
7448
4743
7408
5713
14288
9005
10848
15566
7715
11626
419
14561
3951
4677
13371
7398
2343
12638
4361
2232
4802
13963
5944
14501
3941
7995
12241
9447
13788
8983
15581
1090
13678
8111
9426
1991
12063
24
2195
3165
1600
24
12493
1251
3717
9424
7164
6183
6633
4230
11262
14384
5486
8059
13724
7766
3156
9123
5543
14448
1039
13572
16021
8920
8798
14965
15883
663
9213
3068
13668
7314
9323
8311
10398
2679
11998
10700
9005
16198
12581
15704
5841
98
7249
7528
2447
12750
14595
13297
12731
10330
9722
8550
1888
15229
9108
15881
9729
2955
1158
7190
7797
218
7106
4256
13040
1291
11550
10890
1947
3588
15416
4074
13064
15576
10232
5193
13885
11467
11844
1650
3951
5017
14739
14445
16214
2200
9265
11963
15174
2208
3134
8755
2790
13392
15031
7918
2661
9163
6390
3113
13855
15803
7252
7439
10437
246
9391
7532
7640
9116
9265
10277
11005
5003
10874
1442
4240
3461
4851
6748
4789
224
11836
14154
9981
5672
3319
12692
15803
12738
3634
7421
9681
11765
15062
8884
14595
1628
11065
4104
2934
2300
6715
3979
8920
9504
1734
9997
3033
14293
11998
3552
15929
10965
8588
8578
4552
16107
7890
4724
11449
1604
543
15453
15913
13732
10683
7059
11968
4730
5447
12478
13398
6587
10054
11835
6990
1873
6030
5397
5808
6774
4341
8105
8242
13572
15980
14746
3291
6375
15048
761
2954
3653
5525
8349
15686
4552
4296
10309
6498
4679
3547
5398
12950
9068
13883
9589
16246
14349
10828
11949
16469
2695
6949
928
11006
5948
5353
3985
15294
11196
7795
14077
11998
5094
3435
12581
4391
15862
14959
4844
10128
3717
2387
5398
7796
9289
5415
7350
3971
16568
8185
5116
10665
10592
3979
11287
8100
5688
11499
5373
9586
7290
13505
7546
10610
12339
3035
15439
8186
14185
1726
1289
2484
15997
15576
12426
13516
11982
7746
5986
16276
2758
12336
14201
13961
8894
16032
11842
10746
6448
6423
10712
3543
4750
4844
11357
6748
5867
6499
6509
16115
4924
16459
15865
275
5349
749
12044
2686
683
2171
5
12807
11023
1810
5014
4347
13105
1728
10592
8261
1482
1566
3226
11167
5467
9213
9237
4810
15381
2362
2543
10809
8261
8063
1806
5613
14201
4846
5498
6684
2243
12599
9490
15652
5989
3461
7949
15972
1145
10144
14293
11205
15664
4744
7322
2919
11155
5499
8753
11216
15816
10390
13648
2011
7499
6389
10249
3283
12554
12342
11046
4977
6763
8279
9606
197
5628
11843
1998
3945
7442
14442
12129
4022
7575
7214
3132
2484
4338
11842
1178
5758
2652
8215
15751
1077
10100
6056
9179
13411
6288
6932
5538
8701
13826
4321
59
8309
2256
11511
6716
1478
1959
8095
14171
16491
1086
12904
10648
2989
110
15713
5501
1139
3388
5366
10387
4599
1841
15000
14737
928
6892
12188
10705
8841
6836
15471
11756
9302
5169
5525
12296
9179
9265
11794
8092
13397
2660
3862
10100
3553
1842
8105
1841
2303
6467
8349
16577
3691
15445
2208
16491
1806
8894
13397
7123
3177
14293
2243
15805
6499
12241
4633
7164
11058
3177
8221
8111
11342
1457
7107
352
6073
9891
8012
3204
1991
4031
10252
4810
1555
4730
1738
15488
1745
8575
16491
9108
15686
15049
10359
10883
9543
10232
8311
6361
8003
1824
11946
16401
14281
8059
2880
12948
13222
6334
9035
2773
4463
16201
7448
13222
3384
9525
12336
10224
5855
6282
11023
16084
14501
10796
16085
11205
5691
5117
2195
12384
9005
12901
8288
8909
6499
9290
12540
12209
1941
8524
7049
16115
6073
8840
9265
3431
10543
6673
4978
2864
8221
8191
11700
9154
4567
2881
12152
10200
8441
2243
6119
2043
16491
10110
1933
4625
1316
12044
5677
16565
4844
8873
3588
14794
3873
3758
14671
9429
4256
13887
15536
15337
7099
11998
14183
11342
15048
59
7935
1729
5745
5450
3078
3396
92
10115
14511
4584
14573
1939
932
7350
12582
16215
5688
13297
1251
7164
8894
7168
13630
9179
3073
14196
8349
11058
7107
12935
8894
8844
4592
13162
3204
633
5450
14318
14277
13825
7190
8263
5831
15192
10466
1713
9490
11688
16565
12790
6995
4977
2343
6598
7819
6138
9981
13556
14232
12099
2405
7528
14595
12588
14025
12181
10608
8102
6467
1218
12308
221
6499
12288
12336
4552
352
6156
14248
10100
221
3033
734
11668
15393
6830
14169
4419
10898
7727
14059
12621
9982
3073
8055
14255
2222
10541
14291
15229
15950
126
8884
9289
16622
2812
12637
10406
16609
1846
11840
4977
9074
2406
6622
12871
1829
9811
14070
4391
221
12668
4040
4854
6837
3230
631
5366
2695
3420
8647
4850
955
2406
16188
15457
10137
16593
14517
12241
10084
9997
7014
9362
2674
7803
8100
2225
11714
2563
13569
7382
53
12205
1529
10317
4370
8531
11922
12296
10081
15576
4034
12541
7529
15286
12581
15430
15581
10197
7986
9525
11570
13231
6498
5250
13369
12308
5739
11429
11124
5484
4057
9035
15092
6038
1654
9343
8762
5107
1316
4592
14059
7014
12475
11939
3231
3462
14288
10889
13193
8550
4393
9286
2937
4447
11060
11711
6929
14274
15353
11791
7097
6830
13439
8869
1231
11431
15049
14908
14361
6995
15713
10817
1460
11922
24
14498
10408
7290
4583
1483
3715
873
2357
13258
9981
15388
3161
2332
12971
15991
2708
3034
11842
11096
4455
8872
9833
15769
14854
2343
16277
5003
941
10404
10186
174
110
5808
14234
1768
15488
9319
11171
13231
5688
7732
13446
5151
10805
98
3376
4631
5761
2696
12492
14288
16574
8414
7971
3644
12160
16062
5259
886
9631
3527
4364
6281
8311
12160
3678
167
8850
4844
16621
721
2434
553
11573
1712
14868
4912
11972
16062
1682
6424
7642
10972
14746
6649
12118
11006
13672
6438
2739
16214
5014
10632
10288
13262
3068
13397
7216
4846
11835
12848
10002
6738
1566
6748
555
13630
14691
5043
10605
3479
12929
4143
6156
6925
13996
9797
12048
1879
16084
5477
6910
3073
14609
4584
13431
13516
3420
9971
352
1293
16086
8762
3547
11518
14955
10092
3010
3251
12898
11234
3073
86
2045
15345
9179
11969
10997
15191
13440
12922
14925
1806
15929
7386
7958
11342
1654
3812
11946
9290
4204
11130
9719
16198
9286
4592
9123
12819
13439
14110
3581
10081
11324
2300
663
7049
11710
5094
144
11155
8444
10134
5753
10692
4040
8221
7746
11643
10610
6488
12582
3479
8349
5004
14394
10464
2208
59
12205
9983
333
15696
9299
11982
12083
8922
13105
15503
15304
11168
13776
3325
1012
13086
1509
8524
5960
6577
12083
7041
6665
14183
4289
12011
1954
16021
2864
1218
1726
5447
14501
13135
15576
12636
6243
10785
8092
6537
1621
4175
2563
14539
11163
16337
14094
14546
1370
8369
710
1558
13142
9055
1600
1558
5353
9873
13060
9626
15532
7041
6787
144
1603
10252
4743
15950
1900
3126
5851
13611
4482
8630
11562
4682
14288
3384
4545
6190
4584
6400
9337
13953
12475
7958
7164
8261
1293
689
16491
6156
8105
12582
16383
11050
2280
3013
6799
14940
5359
16036
10360
6183
2470
10965
8837
10335
5046
16235
11486
11337
9286
11185
16288
16256
5398
5761
9181
2241
5415
3424
7049
11764
8578
2394
14621
4463
3987
12790
3666
9891
8854
6118
8221
7528
3785
13652
4394
3715
13992
928
14288
16214
1724
9692
10928
6454
5543
11467
7164
2514
8242
9840
13770
11518
12922
10888
11573
9489
15536
1941
3971
1231
12475
9618
663
9290
10746
16086
9490
13371
5329
5415
14281
13652
7115
5745
5112
2983
14197
12279
3435
13652
900
11745
15327
11440
2958
12807
15927
12914
9891
12241
4744
6118
3113
9108
8837
3291
15135
13297
5153
15397
12400
1251
11122
16562
15135
15536
12129
16086
13040
5994
9462
97
7535
13193
8670
6090
5820
3223
6176
16414
4295
12848
11973
9576
3581
1558
11452
2438
13303
432
13290
3971
5106
11141
2977
9151
12048
1824
473
4198
10550
10224
8482
5867
13231
11860
4810
2300
442
10888
4525
8854
14975
12922
352
12790
14483
637
10890
4243
2928
2773
7766
8705
865
1724
7528
14147
4040
2222
2162
15048
3325
8191
10746
11065
1941
10834
13831
4054
14904
2300
10232
5960
501
7064
4794
1428
1077
13732
5693
8095
10000
10687
14284
2300
5917
4682
14975
16304
15109
4977
1985
11931
5518
12618
15186
15997
11162
13516
7741
12271
501
2581
6085
15034
4414
12854
15046
11699
4844
11171
13235
11968
715
9734
8926
9084
4066
8966
14023
12209
10735
2394
145
1941
13844
10614
15488
10614
6757
16383
8647
16605
67
5745
8261
16021
14197
12582
14467
2169
10558
11742
2394
5858
1933
14023
12118
15381
14777
15488
145
13569
16288
3026
12592
14053
16605
15489
3119
7115
16624
9631
6073
13828
4462
12152
7340
4655
2556
2229
14530
14201
14132
9289
9213
7421
2507
10639
12475
12400
4805
6718
10543
9695
7249
7535
4679
9108
9072
2951
10054
2556
16021
145
3035
15174
9447
2208
3233
13371
8258
9068
13652
11167
8261
2043
4655
7532
12621
8111
9068
6995
15929
4054
5761
6301
11941
14784
11205
58
92
16383
13303
11973
3941
15488
10796
4423
12729
3717
2864
233
8221
2043
663
8311
12621
15350
13569
14490
5944
4054
5974
566
11710
16562
12118
13050
11715
9407
4587
6282
1
1787
9181
12729
11167
9290
13154
12971
6119
12118
4655
5004
442
12046
16562
14023
15704
442
8647
6361
9339
13920
3177
13844
11949
10614
2362
8647
3384
12241
7173
15972
6498
13569
4462
5858
9290
5944
13868
14746
1
14023
9589
928
13672
9589
5467
15033
5511
1
15652
16624
1806
13672
6073
8854
7850
12241
6340
10614
11205
12046
946
12592
13105
11058
123
11970
1840
9294
6720
16612
4802
16242
5931
12638
9213
12859
4460
9468
7282
2169
955
7490
13014
6085
16043
14141
12222
16065
3918
14826
12734
16036
13844
1638
15008
11497
3553
734
957
2484
9824
3158
5153
9283
10686
14921
15058
5854
12768
8346
6190
8108
16190
4289
144
3069
6060
14435
5346
12327
14080
2200
13335
1757
5811
10344
10264
15918
945
9896
13874
12637
13776
11913
11043
7077
11914
10549
5003
10644
13135
4730
13939
4116
6243
9338
7780
11823
10997
10416
10714
1227
14794
8654
5980
10686
59
1483
14096
15335
3917
15172
928
1574
15618
10805
4426
10687
3792
1158
2256
10448
14950
2951
8854
10031
12369
8690
37
12154
12638
8829
10249
2950
11570
12238
13605
15838
11180
7529
4035
6795
12336
5855
2574
3113
2266
3588
13705
3499
11847
12160
12750
8909
5456
11345
13079
6817
10966
8762
13464
5231
14248
9943
10746
8588
14501
9691
10002
10081
14132
16562
6757
12106
4256
4054
13371
8434
14450
9708
11023
6923
4724
6123
4545
12962
11972
2034
10054
5001
15304
2563
9108
3668
5085
11058
16236
1787
3090
14338
15581
3499
12129
13413
5688
3384
1553
13460
13883
6270
4054
11972
10100
5628
7955
14755
12547
4805
7216
3033
15542
8459
14920
14790
10890
2968
5623
12054
2288
3616
6435
14164
13874
3717
10687
10044
2229
11356
928
4604
1684
2376
3778
1574
13392
13397
13507
11643
9569
15759
7853
4854
10594
16622
4049
2261
4559
14863
3115
9414
1628
1218
7377
10019
5858
1
14262
9631
8311
14023
15284
9587
13868
12490
13184
10558
4054
16383
2144
4953
4204
15536
11342
4204
16605
14407
10252
12241
4204
11155
16605
9943
8854
13569
4810
4040
15337
12118
2447
9181
10224
4204
6073
9237
5858
8434
11058
1928
1
13297
4289
12490
4447
3762
4462
13371
10144
10890
12582
1566
5329
2507
2169
14281
3501
14110
8580
11998
2362
14349
9108
566
2077
4724
12729
4204
13672
1806
720
15802
6499
8063
10592
9154
2919
4615
1999
2514
6684
12492
2367
10796
3150
9895
4462
3499
1933
9589
5543
3547
7123
13672
946
3553
14539
8105
13788
13040
499
2484
1065
12071
5867
14621
3420
11077
16592
1681
957
6282
7190
14539
12803
5467
4744
13040
3689
8261
1929
1324
6306
13473
3223
15881
9110
2541
15893
3033
15883
3501
15192
13788
11573
4003
9289
16215
10796
5753
9462
15686
5739
8444
993
3094
16215
3068
1933
11058
12898
15652
13303
14262
1145
8580
5329
1569
8311
3717
6903
9286
1569
1289
4633
1562
4724
7797
1
15135
13447
5543
13105
15304
12297
14746
7115
6495
16311
8854
5592
8064
9299
12046
8854
12490
15048
233
264
2045
9286
7173
6910
5398
12046
8894
1806
7115
8221
1509
1806
5855
5677
4256
2394
15488
5628
12931
13086
8261
7164
12118
14185
9631
11455
16062
3026
4924
8234
15004
15883
4744
5688
12024
4423
2394
8854
13652
15881
15048
15705
6257
1738
9339
2208
3971
15913
13920
3150
16021
1922
16181
14882
9290
15381
633
5628
98
8412
12513
8832
8452
16181
14708
7754
12181
13099
551
6781
11149
8769
12961
2186
14689
3876
13411
14940
2019
10186
2288
14517
5898
11073
5577
10217
15457
3945
96
13414
15229
11633
1574
9839
10862
12957
4451
2638
4502
13245
12929
9623
6168
14699
11023
5006
7766
14197
6499
3941
4204
1933
4753
12490
6282
1933
7115
12901
5908
3384
14882
4724
4462
13770
15048
6282
16469
12492
2450
473
9173
5745
6633
5858
4157
1
12209
12729
2450
6334
11742
1757
11742
11058
9319
8647
14023
5501
9237
2507
11167
2695
6974
1806
4462
12922
6587
15033
11171
15066
4462
12226
12601
14201
9462
2955
14746
2758
14394
5001
5745
13371
4850
3678
9289
566
8349
16568
218
8349
9527
12106
13290
11972
12760
3435
10252
10232
4240
9290
14110
9603
15652
3668
9237
7796
2919
3435
9586
4040
15929
228
12653
16577
3068
233
4753
16126
8501
9719
210
946
14113
58
4423
13235
7106
7252
7193
1050
850
16167
3435
8854
9390
10976
1980
3113
53
7258
5014
3094
16286
5126
14900
12621
1050
8845
12948
7365
12011
2274
8444
3588
3771
6434
553
5247
15174
6715
4712
6774
2034
6012
15030
3618
7252
9116
241
7664
10158
8349
12090
10785
13040
12308
11626
11925
2058
1713
4743
7390
2928
12152
15416
824
11998
4802
7279
4724
12691
14293
15486
7529
9749
6301
2919
3699
13082
12269
13770
10744
10552
7796
4629
2864
4846
10928
11982
1726
9324
10110
2581
13825
13306
3384
12581
12582
10664
12790
11931
5112
13297
15903
9073
9108
2983
8349
1713
1566
14616
13050
1059
6257
1279
4243
2919
3941
16201
11998
1178
9005
1251
7180
5677
985
10286
12582
11808
10546
4391
8920
720
16565
14262
8507
15048
8242
8111
3283
9473
13290
1509
10184
256
3691
16573
9606
13130
1824
8630
2300
59
4403
720
13569
11264
1279
15769
5739
7227
10309
14771
10286
10625
11786
9052
6190
10965
900
8272
7014
14987
15229
6586
14023
4007
13358
8472
4499
12601
12459
10982
4593
5739
952
15751
14614
11764
3921
2666
3419
11453
15979
10959
7154
3616
14654
11551
339
9053
10398
6190
14613
6799
13751
1798
558
2812
16081
4863
9895
4484
6949
1824
8349
4551
2787
13549
5366
6341
11835
1050
8286
5004
6799
5948
15024
11289
5688
2045
4340
13776
4778
5397
97
2362
2357
9450
6974
15819
5397
6123
14196
10543
13079
1625
11077
752
864
1713
10608
2864
5855
530
14445
9426
11141
10549
16624
4901
9694
4059
16565
3010
12400
6554
14343
14248
11573
3501
15284
15048
9462
4531
4846
14621
14511
4394
5628
10546
9708
86
8844
14594
8185
1364
15862
1787
15927
4866
7209
9487
10445
16570
952
5423
13556
1842
8064
4629
8507
15284
14125
6375
9603
7577
15284
6565
11342
9337
1162
14539
10558
4364
1863
11485
15679
4462
10258
16256
11973
12898
2514
13630
8111
13371
1276
7993
144
6226
6681
7797
15913
2802
10224
10543
11819
6910
13993
4724
13502
3717
6873
1602
9618
4584
1941
16215
3026
2556
15704
12209
3026
1941
10614
12209
4633
8844
12241
12284
8980
16215
2556
15489
16605
749
12209
16215
1941
3010
16605
12241
9631
3026
1941
1941
1941
144
15704
12209
15704
1941
4256
2556
8234
15488
4256
2556
12490
13672
7350
4204
8844
8844
2450
8234
4347
14202
6703
2373
12803
2229
2473
5898
14872
13050
7373
8111
6420
5451
3929
9432
16595
16617
10705
9773
687
3516
1558
5116
8261
5955
11532
170
5800
663
7796
792
8185
15883
3941
8578
12667
12621
10590
6799
14925
10104
10537
11998
15337
7123
5574
12275
8261
1806
5841
1941
4240
13105
10359
6119
159
11058
12118
2470
7168
16164
15048
12950
7514
4462
15997
16521
4827
14561
3026
1145
5397
2045
11141
4204
1941
9692
10558
10828
11342
4898
13392
6684
9439
8647
11794
11573
3873
8922
546
2563
12475
14232
14281
1569
12438
11941
2473
8349
3644
6450
6257
8286
4959
4321
2507
16402
10608
4953
9068
1732
8837
8619
5166
9873
16540
12181
6119
3073
16163
9330
16562
10687
15350
15024
7958
7981
13516
13149
3668
2243
14517
11830
9133
2243
11898
2317
2045
9390
1509
3717
12653
13556
9824
5329
879
16617
7315
4054
957
159
10549
10735
9508
837
6437
12684
1603
9523
16465
3945
86
15174
15271
12650
16190
13992
2627
92
10461
10100
13193
2261
12581
9163
10115
6995
5415
13549
5048
9618
9840
2473
1603
13500
442
4677
3666
865
16384
12887
174
12637
4003
12475
12241
1611
4447
1649
3073
3613
2507
4724
6758
1
2514
1946
2394
937
13253
11342
11429
9290
2274
13105
6123
233
11550
12621
144
1798
3512
16062
10546
11023
6771
12118
14349
14262
6498
10683
6540
657
2450
13605
10608
6681
14882
3035
9488
14494
10466
12152
5450
8346
14621
12238
4924
86
13371
3987
4473
12118
5348
9997
10384
8032
12492
9840
9290
1145
11772
14594
6037
9144
13844
12638
14125
11772
8234
543
1922
16568
5745
13439
8286
224
10110
14595
10610
2933
144
5116
946
2045
11141
11141
4391
11862
3859
13724
9240
10232
3941
5961
10080
13392
8221
1539
8457
7819
14448
2231
9016
15328
15381
10614
2394
10730
3223
8647
9290
67
15064
15284
10796
3717
1933
13868
8844
3156
10252
2243
16206
5858
14197
6156
6681
9631
16043
8980
9181
11998
1566
15929
10796
12118
3068
11324
11715
2983
2773
8261
10252
11518
9631
9213
218
13549
6880
15449
3310
721
16171
4584
10883
2902
14479
2787
865
1299
5859
12922
7081
15091
4375
944
15903
14294
1328
15528
1724
9390
4623
15185
1928
5368
8058
2696
15078
8482
10100
5772
2803
15663
15034
6872
241
944
10317
3420
14374
6703
11946
12205
4719
9068
13630
11168
8781
1065
7956
8347
14262
2077
221
634
1516
1824
534
2928
2696
4256
11023
391
3581
12037
1197
4769
3722
2544
9619
16383
16058
16073
6226
449
16450
1932
4007
283
12226
15160
1991
6772
15542
109
16054
11772
6464
4143
975
9033
2555
1654
6965
7386
4567
10639
8983
4502
457
633
2225
2332
14594
11429
565
5361
12566
3945
14349
7529
11854
9390
442
6530
10288
12607
1509
10906
264
2343
2642
12790
11946
16592
13652
14003
4347
865
3130
3073
12848
13864
11844
13686
10411
8674
1649
11006
12456
13668
8261
12152
13992
14157
3130
4552
1773
11660
8204
8064
10721
9455
3083
4057
6319
8221
16250
8705
6387
13040
13583
11786
7389
10174
5836
15532
15405
7942
6340
5169
5449
2300
4375
13939
11842
5223
12859
13050
9439
14229
4851
2470
2473
13855
11229
11466
376
10947
10641
4984
4978
7180
12582
13439
3165
10700
6073
5628
6073
13392
14595
16021
1947
1
5858
11973
11141
12241
16624
13105
11342
13770
12490
8647
11167
13652
12438
218
8349
1933
9695
3941
2450
12118
13297
4462
14561
13868
8221
4256
16624
14882
1933
67
6633
11058
15381
5745
1684
1933
3941
4204
15381
15652
12490
266
7555
9462
2473
14171
11058
11925
13440
7535
9943
16214
13033
8111
985
7797
8578
6282
15135
12160
5329
8064
11808
11715
5484
267
13105
13369
11918
553
15997
6418
2955
13446
14587
16164
10608
12308
1787
3771
6467
5543
3010
720
4256
4778
15304
9154
67
6247
4085
12083
14349
9154
2534
12685
10614
6275
4230
9719
3971
10239
16188
5398
10692
1558
15769
1713
9956
2928
4814
1151
9051
13549
4304
14703
15738
3666
2127
15420
772
12965
14868
882
11844
7648
2243
6282
5501
3904
10608
5800
8092
4040
3424
7123
2496
1852
10735
9692
6586
16013
14772
15366
3542
10137
4977
13392
1772
3653
13346
8837
10092
10993
7322
720
4347
1251
4858
7418
11986
12731
15851
9576
10692
2037
6910
3008
12220
5250
14511
9566
15304
7148
5677
4319
6037
5761
9163
9068
952
15805
6923
13516
1869
5856
8983
9053
14595
2482
7917
13346
2928
16411
10406
10092
12284
15903
15948
14544
985
2681
10683
9667
4379
13569
14904
10692
13050
5467
4802
6226
15536
5292
12729
8531
15918
3759
13162
3396
16201
5739
4143
8369
9323
14394
13050
13951
5126
13439
4802
907
12790
13367
1323
7041
776
13516
16604
11550
6643
5591
13157
10610
4810
14448
1621
5677
11715
11949
7115
13672
16469
7097
12729
15488
16624
10110
16383
7164
16383
6119
1806
9943
9631
8234
13569
8221
4085
3226
5501
13105
1933
12209
1162
15928
16181
13105
4462
1787
1806
3435
1806
11058
10614
8580
6361
11058
9722
3420
4810
15381
2058
4203
14430
7385
359
3817
10506
10808
1307
12129
10622
14955
8444
5389
13398
12118
15542
6604
8883
4794
4001
2195
3917
7128
5368
7890
12394
4212
4473
7218
6703
1850
13367
1735
749
5571
14229
9752
14970
12871
7545
1713
1050
8185
7871
9446
15482
4127
7910
16378
11922
11141
4844
2496
4204
13611
357
7097
12339
11830
6086
6903
10558
1933
13605
15381
3987
218
3283
7097
5745
4256
5014
15883
13231
14197
7713
2367
9151
7115
1933
1227
3704
13159
4204
5841
14288
5677
15997
15652
2077
3263
16215
9005
16256
3717
2864
2045
6830
2241
11342
16605
1941
59
1941
13122
7850
7796
3026
3941
16526
5543
11342
14113
12073
2169
3941
6073
8234
13828
5858
15381
11861
12209
15488
16469
2451
11486
15652
15652
6073
13672
4256
3792
9631
10614
14023
3026
11058
14023
3010
5398
5543
12592
11861
15488
4810
16021
5638
6795
16411
2520
6622
4753
11217
9084
6644
6488
4682
11096
12321
10700
432
2229
4210
11840
4172
3542
15528
8588
4594
32
14343
2166
13325
1529
3943
15546
4104
2658
8234
13826
6017
9694
14898
2195
6787
7068
8186
7439
8981
3453
16613
13808
9055
16043
6574
8807
4546
5906
15326
4978
11342
15345
1738
10834
10286
92
7010
11065
4867
7981
2919
15381
5116
1738
8063
15464
11715
3552
14288
7929
2208
13392
7097
9695
8365
9719
11324
5577
11842
8221
10081
4525
16568
9722
14579
9543
6340
12582
13569
14132
15581
5436
4610
7322
1
13369
8111
12106
5105
1951
8837
144
10110
1337
14870
6910
13045
8690
11440
5366
1562
10054
946
1553
15581
4932
7115
16073
12221
13572
14904
144
4040
10546
4743
10952
3644
15577
87
4364
9490
11696
993
6498
4482
10605
7249
8111
10080
3223
9181
325
13586
14291
11753
8291
10054
6183
14283
1237
13489
11913
2355
1974
12193
12965
9265
11854
3902
8798
1869
1551
3759
10890
5446
9152
15858
3759
5737
10888
4876
7410
9696
6970
6748
9564
5623
9319
7828
14517
12637
15034
583
9061
7638
2350
14125
7427
3110
11402
9966
3396
3365
14854
4552
6146
12637
11769
16450
14126
8257
6955
8365
14197
1442
2314
7097
8077
7426
16272
13505
10246
8393
13611
6733
11119
12807
9305
6787
1551
3461
15903
11046
174
2799
8255
637
10144
14794
1584
7806
3161
4393
6799
10731
12932
3223
10965
11194
13459
12803
3530
9144
8458
221
6030
11574
10406
10264
3008
12118
11006
14548
16256
6499
3594
16001
4304
8101
11931
7322
1738
15891
6375
13511
12636
15298
9157
13505
4977
13647
8185
12922
5580
13235
11216
15769
6496
9390
3458
10558
4789
2661
13777
4814
600
10744
5017
9000
11925
3501
6760
6301
8414
6186
16383
2195
33
15686
391
16081
8064
5126
4525
6633
5543
5501
14621
10186
9154
7059
6929
87
3291
2758
5985
16006
2470
10605
10903
6692
2883
10054
11862
5415
11004
7386
3739
13630
3691
6479
10590
9426
1647
5900
9490
5112
566
7107
2624
337
16206
12971
663
4722
7535
14430
7068
9943
14614
8879
8087
6774
9425
14587
4373
14609
16236
15299
3420
4984
15993
9108
1039
13367
3033
13500
10683
3154
4145
13226
6060
15337
4482
14288
12429
4054
4035
3234
10110
3758
2241
14609
9392
12848
12048
5116
6129
16562
7625
1562
2881
3549
4977
8349
8105
167
7106
12648
9811
8931
6923
5710
15952
7858
7837
6156
551
9567
13413
16577
6186
14232
8203
16041
4912
7667
13066
53
5227
14335
11023
3974
2665
3971
2434
5898
15696
6334
11881
5187
13943
1787
16198
4981
15540
12099
4484
16147
3817
2517
9811
1065
8490
15576
9733
11837
11468
5737
7805
12648
11861
2434
13546
264
14925
13732
7113
14686
11830
9586
13751
233
9450
11643
553
12394
5373
3517
4393
16244
9151
9009
15066
16431
16036
10889
7857
16190
4719
1965
7803
108
15066
1566
7780
10224
9068
6499
6896
16585
8807
5836
6995
9824
5952
2089
8085
9943
14614
8879
8087
6774
9425
14587
4373
14609
16236
15299
3420
4984
15993
9108
1039
13367
3033
13500
10683
3154
4145
13226
6060
15337
4482
14288
12429
4054
4035
3234
10110
3758
2241
14609
9392
12848
12048
5116
6129
16562
7625
1562
2881
3549
4977
8349
8105
167
7106
530
14023
2217
13572
3126
15088
13788
4898
11124
264
14413
2924
10286
8246
4611
5800
1077
10549
9045
3979
2919
531
2816
15686
8272
9603
10692
7059
1483
5423
10134
7796
9005
1479
12238
3758
8630
14987
10549
353
8280
7014
8630
7373
1466
5
4473
11862
13979
12971
3461
14621
14064
8328
9367
4092
16424
11163
14430
5808
15789
3139
3106
587
272
8202
1370
11688
14923
5310
12403
14979
1107
847
4212
12540
3699
9809
1259
4172
8047
749
2634
5773
15242
5389
15439
15370
1649
12671
14654
9589
92
3759
1552
5970
9999
10352
117
1980
1364
1539
9339
6438
7837
10997
12106
4984
5744
5085
7981
10812
16215
12327
15618
4625
8580
15048
15025
12935
9943
13446
7373
15350
16198
7097
6499
2507
637
12209
8984
14445
1218
10224
5043
16605
14110
12621
13440
11141
7041
144
8854
16515
10288
4347
11573
5655
8234
15203
11714
13231
13652
14595
15064
16197
12773
9920
9490
13258
9282
11861
12637
9824
10230
1621
11573
12922
4724
4660
1621
10247
1806
2918
11155
5484
6760
15860
8242
10590
14448
2488
8912
6974
8482
13413
10808
6787
9943
10590
8817
14900
6257
2243
16159
15980
6716
4584
1293
13672
15078
13678
15304
5397
15405
196
1625
12803
13154
5267
8797
9975
4370
8434
1067
8916
13549
9116
668
4354
6738
15992
7999
425
15151
3150
8395
11570
8055
10672
2077
16620
15679
5950
11126
12369
14561
15913
15088
14432
8909
2534
11077
5858
5836
13253
14025
10731
6211
5739
6923
7041
5085
993
11715
5858
1231
8369
5944
6499
16215
4054
10614
10796
3177
8844
9339
14262
6282
13397
11167
1
13371
13770
1806
8063
1621
13105
1
162
6795
13392
144
10590
12241
414
5501
4462
2169
12048
3177
264
5677
6073
2958
1
11342
4584
9589
12490
14228
11854
13392
3097
12224
1317
13920
3738
2496
8630
13969
6799
4551
14274
1281
5571
12272
6771
2222
10817
6341
4513
10742
3681
1307
12493
9154
15109
11261
9181
6099
16360
16568
6038
11049
267
663
16592
13290
865
15426
4804
7970
4590
14561
7360
12193
1065
12510
2518
15192
14416
9035
3588
6649
414
2314
16568
67
12102
9108
1729
12181
8064
13732
11573
10982
1713
13130
2019
15033
4844
1682
3552
11455
1497
1178
6748
13868
11742
6340
1775
8441
12800
6073
9045
1162
3896
10144
4473
15453
1621
3008
12083
13505
1553
7976
708
10947
16041
14739
6435
7644
9062
4085
9164
10707
12759
3690
4583
12950
13855
9138
1131
221
10654
11485
15564
5315
6649
1092
8510
14684
4757
8336
12819
14435
5017
2679
10888
5116
16526
6604
8251
13589
9450
10898
1748
2172
14612
714
10000
10359
4057
6787
13516
364
12578
5223
12308
8965
710
13379
16126
8482
96
16402
14591
6674
8663
11200
2195
14818
2212
13684
4977
11194
6438
6817
10625
993
10654
6340
15515
1852
3807
11465
566
11914
3376
10744
11196
3010
7260
15555
5854
9293
5251
8047
6995
8414
7962
4394
11275
4257
11722
6139
13808
12978
67
9840
10775
15927
16414
2300
946
5292
58
150
6099
8311
12241
5126
4924
3717
13371
900
15928
9108
3941
5085
7555
12901
13770
7529
15705
9618
7115
6361
3887
9891
5223
3941
16383
11861
900
9323
901
5944
14982
11058
14621
5085
13646
9722
5467
2133
15883
2241
3435
9299
4743
13652
15486
3035
11052
1509
10952
10054
1945
16562
16562
2087
10796
9213
1562
13231
10965
4054
2243
3035
11941
11925
13050
14746
938
10134
4846
7640
9943
11141
714
543
3553
4584
9525
15704
9343
8234
663
1299
9543
3078
13231
15819
10888
10264
15888
9761
12621
8891
3887
15899
7861
13963
16172
13060
15472
700
527
7777
15831
3154
10277
3778
9053
1050
9362
5410
16369
10936
1323
2781
848
6771
14196
2186
2425
13443
3104
1107
8598
3542
3568
889
13834
12028
7536
2846
4370
6056
6408
7389
9065
8829
15813
15724
145
3349
3406
13050
13222
5004
9053
11052
14939
6282
3987
10550
9603
15832
6799
16286
12601
12308
10639
1621
3882
14261
12301
2473
3588
6923
33
10982
10632
15929
2966
3223
1621
7203
14261
9181
4394
11167
15993
2243
4625
6757
12143
2958
11715
2924
2958
6763
2919
12116
16198
4265
8909
9154
4531
6257
5831
14923
14343
11861
1162
8349
13235
11673
15192
1954
9151
11861
7115
3588
6467
11764
4204
9108
11695
5353
2605
9154
7164
13222
7168
8059
6910
8588
1178
16383
13352
7123
13569
3501
1672
12181
4163
10744
6499
2362
12898
15416
6587
14201
4463
11925
15488
16526
6450
6488
2915
16433
4157
8019
6673
2896
13855
5783
3613
13883
1946
5085
16215
12971
14587
7883
9603
1077
5003
1251
6341
14464
14724
2934
456
10549
8578
16491
13979
8349
9603
6479
12212
6017
11317
11714
11986
4867
7322
9943
16215
352
7858
7555
633
2828
13647
8837
12581
11357
1726
3706
14389
946
2470
4447
1946
4525
5688
9290
15025
12492
4629
10982
2679
10411
5017
13516
8444
5938
5836
1209
8926
4743
5688
14308
16592
6995
9564
10127
680
7971
137
6285
1253
4347
7249
13050
10249
7971
6726
11654
10746
16491
6830
2758
14594
12209
12592
12209
16215
14882
4810
1941
15652
9237
2556
15652
6073
12209
2556
13303
12209
2556
4462
4462
3384
4256
92
9237
2169
1
16605
12241
5315
6073
6119
13105
10614
16215
1941
16605
4256
2556
1941
2556
6073
2556
3941
4256
1941
12241
12490
1941
3010
12209
3026
3420
8615
14169
7929
11727
12272
9053
8458
4953
6660
1086
12058
8312
12221
10790
13295
1115
13705
13855
1953
10048
9163
1900
3693
10344
16374
14539
13734
12692
2101
8513
13569
12152
9125
6878
206
13325
10543
3406
7559
4592
2256
16534
4370
3376
8878
13222
587
15066
4268
3384
3581
5855
752
8691
3384
8647
2303
7252
3073
3499
9586
5004
659
9439
12492
8280
1621
12308
12048
14067
14445
761
1251
5349
11205
2640
5811
9618
473
13844
5898
2208
8858
6073
4305
9154
2517
6763
13392
5048
6226
1564
15913
11518
15927
4977
16198
16288
5661
3130
657
16256
4923
14463
12935
4722
10883
12475
16565
2538
10309
14293
15881
502
14975
15913
6092
3013
12492
12463
6554
3799
1050
12224
5450
14234
9534
6923
12468
10742
957
6998
16147
7499
7135
7958
7958
12729
4403
9500
7577
9910
10232
15174
8762
10543
10862
9848
11550
3177
4240
4116
7010
15927
5961
92
8580
6361
4513
7164
3010
16062
6282
5944
1806
1569
3291
13672
12400
8059
3717
11440
1428
3068
16181
12083
15485
15284
7173
1941
4204
3424
13732
59
3704
9631
3435
1
16469
11742
5745
428
13105
16565
15883
8837
3384
16469
9719
9060
4513
7640
3037
16538
9667
7428
4092
4473
5503
2883
1946
10080
3673
1279
13943
1467
12210
13183
1929
8744
1622
13019
10232
13447
8012
11461
3086
5670
6572
264
9173
13352
1724
15639
15286
3678
9059
108
15927
11849
9895
5797
13686
1806
6278
7059
8891
12692
2517
14517
11144
11997
12244
943
12193
4001
13951
924
11467
3171
2756
1699
12426
4189
3785
4775
5974
1173
6307
11431
15679
5466
16147
8845
9525
15686
1939
1557
1364
12238
15218
8705
15759
11337
4029
12054
1939
944
13788
15532
3911
9414
13844
16316
6263
11930
16369
2925
5500
4482
6692
1798
10924
1833
6358
12514
7529
4631
1625
9181
14955
13290
6837
5281
5980
12523
10558
4660
13569
12637
14171
1953
13290
14621
9125
8185
15271
6123
4743
9719
8983
16411
9823
14595
2034
6434
16188
1428
2300
9173
15576
3420
2263
59
10610
16126
11861
4655
1434
264
3887
13431
2563
543
16565
12468
5501
8105
15536
10092
4204
2208
8524
4587
4744
4462
13371
6434
6799
11998
8221
264
5867
3435
3527
3026
11925
9525
14262
2367
4953
4730
10683
9543
14746
15155
6119
1713
6247
9319
15929
4810
4040
473
13992
9290
9299
3078
5867
15943
865
8192
6121
13064
2034
6097
8268
15353
1509
6598
734
16487
11167
14262
675
9598
12193
1654
13168
11216
6814
8450
11562
14041
10894
9013
10002
1574
5970
15403
13404
7258
15572
11356
2402
16111
3823
13705
59
2266
10356
5555
13099
14435
8594
2676
8654
11067
13970
15656
11167
15866
9000
10607
4347
8111
3941
4629
900
218
4730
1281
414
13193
2964
3743
8444
14234
1824
1599
1947
8670
11998
585
15212
13440
10982
8854
4999
15135
4035
15652
6837
11297
5931
14262
6633
14023
7812
2880
9489
13397
15135
11861
5398
6923
2958
14202
12901
1986
48
13027
7123
11256
4057
11922
1728
1681
8854
14868
8458
6558
8185
4146
7373
12443
4146
8023
4682
8670
7180
5116
10890
6945
14394
6479
4304
13193
8186
12948
15191
3668
7935
6442
3325
4016
4519
3431
58
9975
13306
13194
8670
10590
3971
13392
8578
13253
16568
9799
12369
8845
13611
16115
5410
5591
14671
1212
11046
5580
9053
8064
15441
11604
16316
2486
6692
14288
10731
10546
15293
8349
349
11045
6454
11815
892
4724
9691
9173
4991
12819
15769
4846
2851
7748
10189
11574
3384
5447
13142
11380
9113
5788
13516
3758
5398
8023
7249
12188
13110
1719
15918
9799
4999
12205
12073
13505
1209
4143
7341
4408
11461
5800
231
12228
8186
15809
6093
16576
11939
8379
1077
12529
13955
14621
16126
307
7886
2137
4447
15397
8630
16620
15480
8705
4198
8215
3493
1404
8202
4370
6673
12691
7639
1279
1562
9468
97
11710
12209
15488
10614
5944
6073
2556
15652
12209
1941
12152
12046
7795
534
12209
2556
3026
414
10007
3026
1941
15488
12209
5398
2556
15704
4256
3026
3026
3026
14023
12209
12241
13844
12241
12209
1941
12490
12209
11710
5944
3026
5524
2556
4462
2261
1941
2556
1941
1941
504
2274
955
1364
2601
7067
11551
8099
11970
15950
5866
9237
9503
13663
15992
555
9719
8092
15980
5220
7075
1324
15049
11287
3594
11862
14470
11830
9037
14479
4850
8691
137
10549
6716
7014
10654
709
1012
15581
11817
2623
2908
9335
7672
10398
1292
5124
16091
2303
4810
9719
4146
3073
12099
2045
8286
14281
16062
900
449
15426
1065
741
4802
4256
11842
3010
14277
13369
16240
3150
2045
1050
6488
9439
9306
15883
2045
5661
649
15328
13371
10286
14609
12046
1086
1933
946
8762
9771
87
6264
12922
14445
2758
9447
6334
14854
2507
12578
4924
772
6530
8507
16383
8840
16019
10805
10543
8879
6340
4090
15956
4116
9194
3862
6974
13083
13258
15997
7322
15345
11023
10543
1471
4369
10480
8894
14101
4912
8441
7350
6565
16433
8346
108
4035
5169
2089
14792
11626
9911
13439
1628
1281
944
6748
14277
3013
11473
15992
6003
15769
2479
4220
10115
3424
5112
16261
959
9330
7667
11045
11496
7343
1939
12443
6145
15992
359
7386
299
4631
10437
5567
14067
13392
14208
9963
689
2619
1669
4730
13222
1210
8446
3182
5575
10410
4633
565
12398
14826
3938
10959
663
705
8659
4319
7278
6247
6795
15488
8156
12773
6554
13105
8920
2507
3699
10746
4163
6974
14780
6263
13788
4545
121
442
3499
11485
5825
14594
6418
1810
14284
12601
96
13187
16096
12044
10924
10808
10692
10334
6334
1599
6684
97
15581
9719
9965
9490
11700
12492
3134
2208
6903
2756
708
13297
5867
11963
7287
12301
13844
530
14794
15229
9999
646
8691
5540
12601
4629
8312
9492
13611
16159
3134
10924
8626
985
7796
16598
5744
10092
7644
9507
11896
6118
6903
8286
11570
15350
15008
11511
1599
2231
9586
12581
2187
8960
262
14228
12426
16414
11077
3810
9576
15769
14595
9237
13883
8312
10890
12118
92
86
8578
6738
15769
12592
14772
6715
14940
7933
16505
4568
11077
9631
7115
7797
10796
3035
9695
9543
1684
3435
3073
10558
6974
307
9213
13434
9200
10100
9450
5867
11486
9286
3073
11155
4268
15891
6319
8894
8481
5247
13774
6787
2303
10352
12239
7577
10351
4484
15363
9198
2517
6479
9943
10522
12738
11849
5677
13692
1545
5017
2565
15455
15652
13235
4085
6804
16000
11845
6587
14987
2058
1694
1584
6479
11221
14059
1509
16082
10120
16345
11986
7732
9213
15350
4978
6139
1119
13434
13920
9403
4369
6633
13193
8457
6615
13258
14516
3527
15366
12783
3365
13458
12041
2500
14281
9799
7914
13836
9072
16001
6837
3644
8242
6774
6684
11791
3743
15310
3599
7341
9574
2484
3046
3232
4251
16163
6508
8507
1639
2902
10391
8366
649
5621
11843
12301
5257
11616
4552
15952
13105
16565
5
5166
1566
5004
4744
11485
13562
9286
3717
8137
8059
9840
8077
6434
1727
15439
10664
16453
15008
16562
3265
3499
1151
9319
2681
4305
391
12898
13751
4146
14274
8129
11208
5944
6577
15704
6903
12426
761
3134
13397
7926
15927
10100
6037
7249
11742
13565
16565
4730
11499
3384
663
4414
13262
6334
9284
7796
5710
11194
3717
14113
8811
3223
8850
15012
15332
4370
9290
10110
6012
13732
5855
4567
9686
1621
15888
12965
2603
14795
5112
3226
12621
5447
8721
8531
5970
12859
8983
14349
7045
110
12301
8185
12581
5329
4719
6577
11324
15191
15980
12623
9890
11794
41
10789
15698
497
633
5989
13367
2087
7864
761
11794
8825
14009
9304
6370
15846
11115
15810
6929
11467
9966
12988
14759
10924
12581
12529
5570
11100
12448
9330
15679
12377
2846
12188
11451
4531
7730
4172
16199
8246
16605
14938
12634
6499
8757
11467
329
16214
1986
9110
7315
12929
7521
8458
5030
7386
11134
15955
14920
1162
5086
2497
2229
4552
12971
14969
11522
4426
11743
97
10904
14232
11399
6036
2601
16390
5858
5737
10185
13630
97
15192
6331
10972
12588
1158
7683
1685
3748
13818
4905
5359
1037
3158
11046
2676
11753
5623
14022
16411
8236
11626
15576
8837
12037
3358
1980
2812
8507
7990
10578
12540
1798
14248
12390
3897
12773
14759
1851
10144
7830
7727
4977
11499
8349
10080
14790
13130
6432
14868
347
12339
6703
14144
5688
8912
12554
1887
8807
5085
14794
7439
8762
9450
1941
15704
15652
12241
8980
14023
3026
3026
12209
5398
9134
2556
12241
12241
2758
13868
4256
1941
12209
13844
11342
1941
12209
1941
2556
15489
3792
1941
15652
15488
9339
8844
9339
4462
8844
6073
5112
3026
3026
9181
16021
9323
12209
16605
15946
12209
12490
1
15704
4462
1566
8450
16147
12071
7683
6995
12090
6139
8991
3968
1452
12871
10809
15735
2867
8482
14600
6817
8613
10515
3291
12513
5447
6356
1761
16198
13190
11077
12421
6454
7168
9890
1337
15111
16111
2679
745
7843
2522
817
13195
7789
3967
5931
1742
2883
11522
14691
4435
14288
8111
3177
11058
6073
2983
16577
4204
6499
5961
12492
16624
9631
3068
2045
1881
1509
11342
6442
9525
7173
9319
4054
3026
15997
13371
5467
2517
9286
11299
3226
11440
9631
2394
12118
6119
7373
7115
9163
10834
15381
8884
11715
11476
3026
12601
11171
11710
3717
13184
1145
3435
10288
8105
11006
14579
3010
6375
4347
9113
7249
3073
9154
9691
9319
3010
282
10258
2919
9108
4978
11653
11171
11842
11023
14157
5974
1562
10890
9722
2225
13770
1299
1198
9045
3552
8983
5761
14261
15304
8563
5744
11518
4850
33
5599
11077
9319
11124
10445
53
7935
11451
3588
6941
16577
2543
4289
16043
1600
10641
11275
9343
3715
10391
15135
12561
10924
1457
5952
14868
6259
14110
1646
13828
10040
2415
4957
7059
5497
5851
2624
13583
15426
13367
5193
9373
1985
10890
4511
9068
7244
13885
1115
13033
12344
14708
8883
1251
3135
13149
4629
12790
9045
1090
5661
4447
92
10692
12935
4679
4473
10104
8647
12400
3659
566
5
5948
3594
5580
7890
7107
16181
13724
2415
13556
10890
3291
9370
14746
13527
14594
15033
12181
11612
16521
10249
1539
9975
16574
12766
210
13023
9719
2037
14621
16172
14157
14561
4977
3554
11925
13397
5855
993
16568
3499
1738
3666
3941
7041
3717
3644
16383
4587
13440
13371
9450
8311
11925
2077
7097
8349
16595
4347
108
7164
9525
6437
6565
9373
15488
9719
5841
6684
9933
4423
7958
16416
4744
4321
11380
5803
15891
6300
4977
6715
2362
9016
6633
13652
2040
5257
10665
2686
442
2928
2398
473
4240
16469
714
4744
11052
2934
11342
10608
13297
15337
9286
10785
6038
6600
11742
11455
2563
6375
16256
13527
3887
12601
13652
13231
720
4953
2676
8854
6467
5366
11058
900
1316
6156
1390
12046
15883
5116
9286
16383
8912
12279
7398
9708
16062
3581
11949
13045
2999
5961
3653
9692
16565
14196
3094
12071
8524
9237
9708
1806
4625
10334
11835
12454
8383
10258
9686
2951
1107
15489
14955
3552
13033
7796
5501
5858
12492
714
2394
5292
3771
14232
6633
13751
14101
12492
11711
264
12848
11205
159
15532
8111
10874
2609
4672
13413
9379
9618
11642
4304
7390
10144
4681
16032
12193
8858
5653
15008
1208
2543
8965
1663
2934
2449
13440
3179
2319
14517
3618
10584
12731
6586
8744
10665
1922
4551
14366
137
8916
16240
9005
9110
240
16043
5985
2581
9323
7972
14067
3848
