0
0
0
0
4665
13427
4917
2638
14312
13099
9838
12178
3654
382
8497
8944
1608
2936
9304
12210
2324
2324
2324
2324
2324
2324
2324
2324
2324
2324
2324
2324
2324
2324
2324
2324
2324
0
0
0
0
0
0
0
0
0
0
0
0
0
0
0
0
0
0
0
0
0
0
0
0
0
0
0
0
0
0
0
0
0
0
0
0
0
0
0
0
0
0
0
0
0
0
0
0
0
0
0
0
0
0
0
0
0
0
0
0
0
0
0
0
0
0
0
0
0
0
0
0
0
0
0
0
0
0
0
0
0
0
0
0
3506
12178
12975
8497
12331
14319
11674
12178
1502
6443
4083
16274
2896
261
1972
10481
3261
4917
5523
6035
10840
1144
14613
1876
10284
6694
2324
2324
2324
2324
2324
2324
2324
2324
2324
2324
2324
2324
2324
2324
2324
2324
2324
2324
2324
2324
2324
2324
2324
2324
2324
2324
2324
0
0
0
0
0
0
0
0
0
0
0
0
0
0
0
0
0
0
0
0
0
0
0
0
0
0
0
0
0
0
0
0
0
0
0
0
0
0
0
0
0
0
0
0
0
0
0
0
0
0
0
0
0
0
0
0
0
0
0
0
0
0
0
0
4917
583
5074
12178
3650
860
13953
4083
3261
10359
3253
10284
8942
2913
6371
6107
12687
2324
2324
2324
2324
2324
2324
2324
2324
2324
2324
2324
2324
2324
2324
2324
2324
2324
2324
0
0
0
0
0
0
0
0
0
0
0
0
0
0
0
0
0
0
0
0
0
0
0
0
0
0
0
0
0
0
0
0
0
0
0
0
0
0
0
0
0
0
0
0
0
0
0
0
0
0
0
0
0
0
0
0
0
0
0
0
0
0
0
0
0
0
0
0
0
0
0
0
0
0
0
0
0
0
0
0
0
0
3253
10671
806
8026
2335
20
14613
7805
8194
5286
6247
11167
2009
2660
14648
5078
2498
6443
1421
5886
13442
2324
2324
2324
2324
2324
2324
2324
2324
2324
2324
2324
2324
2324
2324
2324
2324
2324
2324
2324
2324
2324
2324
0
0
0
0
0
0
0
0
0
0
0
0
0
0
0
0
0
0
0
0
0
0
0
0
0
0
0
0
0
0
0
0
0
0
0
0
0
0
0
0
0
0
0
0
0
0
0
0
0
0
0
0
0
0
0
0
0
0
0
0
0
0
0
0
0
0
0
0
0
0
0
0
0
0
12331
8944
5049
6443
5685
860
2335
11402
9140
3785
2324
2324
2324
2324
2324
2324
2324
2324
2324
2324
2324
0
0
0
0
0
0
0
0
0
0
0
0
0
0
0
0
0
0
0
0
0
0
0
0
0
0
0
0
0
0
0
0
0
0
0
0
0
0
0
0
0
0
0
0
0
0
0
0
0
0
0
0
0
0
0
0
0
0
0
0
0
0
0
0
0
0
0
0
0
0
0
0
0
0
0
0
0
0
0
0
0
0
0
0
0
0
0
0
0
0
0
0
0
0
0
0
2006
8634
7517
14277
4917
10906
3261
2335
4878
2324
2324
2324
2324
2324
2324
2324
2324
2324
2324
0
0
0
0
0
0
0
0
0
0
0
0
0
0
0
0
0
0
0
0
0
0
0
0
0
0
0
0
0
0
0
0
0
0
0
0
0
0
0
0
0
0
0
0
0
0
0
0
0
0
0
0
0
0
0
0
0
0
0
0
0
0
0
0
0
0
0
0
0
0
0
0
0
0
0
0
0
0
0
0
0
0
0
0
0
0
0
0
0
0
0
0
0
0
0
0
0
0
8944
6035
6443
10625
10284
5486
6443
9204
8497
12331
3141
8497
12929
14613
2300
2324
2324
2324
2324
2324
2324
2324
2324
2324
2324
2324
2324
2324
2324
2324
2324
2324
0
0
0
0
0
0
0
0
0
0
0
0
0
0
0
0
0
0
0
0
0
0
0
0
0
0
0
0
0
0
0
0
0
0
0
0
0
0
0
0
0
0
0
0
0
0
0
0
0
0
0
0
0
0
0
0
0
0
0
0
0
0
0
0
0
0
0
0
0
0
0
0
0
0
0
0
0
0
0
0
0
0
0
0
0
3253
8942
6443
3177
8818
860
6443
2638
8497
12331
7555
806
5292
4917
4531
8497
6006
8944
2007
6443
15424
860
15480
12673
9446
14613
4917
15015
3261
7623
12613
5625
2423
4541
6792
806
10820
15118
7828
14398
2324
2324
2324
2324
2324
2324
2324
2324
2324
2324
2324
2324
2324
2324
2324
2324
2324
2324
2324
2324
2324
2324
2324
2324
2324
2324
2324
2324
2324
2324
2324
2324
2324
2324
2324
2324
2324
2324
2324
2324
0
0
0
0
0
0
0
0
0
0
0
0
0
0
0
0
0
0
0
0
0
0
0
0
0
0
0
0
0
0
0
0
0
0
0
0
0
860
14554
2335
2574
14084
8497
1870
6818
3261
4917
14292
14292
5855
8942
15891
8497
8951
6443
921
8497
14234
5074
2324
2324
2324
2324
2324
2324
2324
2324
2324
2324
2324
2324
2324
2324
2324
2324
2324
2324
2324
2324
2324
2324
0
0
0
0
0
0
0
0
0
0
0
0
0
0
0
0
0
0
0
0
0
0
0
0
0
0
0
0
0
0
0
0
0
0
0
0
0
0
0
0
0
0
0
0
0
0
0
0
0
0
0
0
0
0
0
0
0
0
0
0
0
0
0
0
0
0
0
0
0
0
0
0
0
4917
7872
3261
4917
8109
12521
8497
7874
8951
4755
3261
14836
14613
15296
8497
9191
4917
7701
11255
438
12181
8497
2007
3940
4917
776
4654
7983
1072
10062
1022
2324
2324
2324
2324
2324
2324
2324
2324
2324
2324
2324
2324
2324
2324
2324
2324
2324
2324
2324
2324
2324
2324
2324
2324
2324
2324
2324
2324
2324
2324
2324
0
0
0
0
0
0
0
0
0
0
0
0
0
0
0
0
0
0
0
0
0
0
0
0
0
0
0
0
0
0
0
0
0
0
0
0
0
0
0
0
0
0
0
0
0
0
0
0
0
0
0
0
0
0
0
14648
8944
6409
8951
20
8944
3192
2982
860
8951
15152
14613
10782
8616
15555
2324
2324
2324
2324
2324
2324
2324
2324
2324
2324
2324
2324
2324
2324
2324
0
0
0
0
0
0
0
0
0
0
0
0
0
0
0
0
0
0
0
0
0
0
0
0
0
0
0
0
0
0
0
0
0
0
0
0
0
0
0
0
0
0
0
0
0
0
0
0
0
0
0
0
0
0
0
0
0
0
0
0
0
0
0
0
0
0
0
0
0
0
0
0
0
0
0
0
0
0
0
0
0
0
0
0
0
0
0
15074
12034
806
16541
8487
8497
12206
11948
3687
14613
15181
5524
1880
8497
3455
6111
2983
860
3253
15635
8497
8224
8497
2625
2807
15051
14398
4917
128
11271
2324
2324
2324
2324
2324
2324
2324
2324
2324
2324
2324
2324
2324
2324
2324
2324
2324
2324
2324
2324
2324
2324
2324
2324
2324
2324
2324
2324
2324
2324
0
0
0
0
0
0
0
0
0
0
0
0
0
0
0
0
0
0
0
0
0
0
0
0
0
0
0
0
0
0
0
0
0
0
0
0
0
0
0
0
0
0
0
0
0
0
0
0
0
0
0
0
0
0
0
0
0
8944
6035
6443
10583
12178
2627
10731
10000
12273
4917
11179
1972
14345
10311
9604
8497
8641
91
14613
15133
3919
2324
2324
2324
2324
2324
2324
2324
2324
2324
2324
2324
2324
2324
2324
2324
2324
2324
2324
2324
2324
2324
2324
0
0
0
0
0
0
0
0
0
0
0
0
0
0
0
0
0
0
0
0
0
0
0
0
0
0
0
0
0
0
0
0
0
0
0
0
0
0
0
0
0
0
0
0
0
0
0
0
0
0
0
0
0
0
0
0
0
0
0
0
0
0
0
0
0
0
0
0
0
0
0
0
0
0
5036
8942
6443
10987
14613
5372
16333
14975
8497
2158
3261
12856
5625
3640
10841
14554
12331
4917
10840
10928
2324
2324
2324
2324
2324
2324
2324
2324
2324
2324
2324
2324
2324
2324
2324
2324
2324
2324
2324
2324
0
0
0
0
0
0
0
0
0
0
0
0
0
0
0
0
0
0
0
0
0
0
0
0
0
0
0
0
0
0
0
0
0
0
0
0
0
0
0
0
0
0
0
0
0
0
0
0
0
0
0
0
0
0
0
0
0
0
0
0
0
0
0
0
0
0
0
0
0
0
0
0
0
0
0
0
0
6889
4917
2371
8942
7874
10401
14613
12885
5040
8497
2335
10186
15159
16587
2243
12178
6883
2009
2324
2324
2324
2324
2324
2324
2324
2324
2324
2324
2324
2324
2324
2324
2324
2324
2324
2324
2324
0
0
0
0
0
0
0
0
0
0
0
0
0
0
0
0
0
0
0
0
0
0
0
0
0
0
0
0
0
0
0
0
0
0
0
0
0
0
0
0
0
0
0
0
0
0
0
0
0
0
0
0
0
0
0
0
0
0
0
0
0
0
0
0
0
0
0
0
0
0
0
0
0
0
0
0
0
0
0
0
12599
7709
806
16509
8246
15118
651
14613
10280
2335
14820
8497
1804
6443
11783
14613
3423
12175
14383
12273
16609
2106
8497
14413
2006
14674
1660
14759
2324
2324
2324
2324
2324
2324
2324
2324
2324
2324
2324
2324
2324
2324
2324
2324
2324
2324
2324
2324
2324
2324
2324
2324
2324
2324
2324
2324
2324
0
0
0
0
0
0
0
0
0
0
0
0
0
0
0
0
0
0
0
0
0
0
0
0
0
0
0
0
0
0
0
0
0
0
0
0
0
0
0
0
0
0
0
0
0
0
0
0
0
0
0
0
0
0
0
0
0
0
0
0
8958
3253
8942
4917
411
10671
3261
6443
10625
1022
8497
7572
7605
14848
187
12178
2061
6443
10033
10480
7031
6229
623
3580
8951
6443
1157
13336
5079
8497
16299
2324
2324
2324
2324
2324
2324
2324
2324
2324
2324
2324
2324
2324
2324
2324
2324
2324
2324
2324
2324
2324
2324
2324
2324
2324
2324
2324
2324
2324
2324
2324
2324
2324
0
0
0
0
0
0
0
0
0
0
0
0
0
0
0
0
0
0
0
0
0
0
0
0
0
0
0
0
0
0
0
0
0
0
0
0
0
0
0
0
0
0
0
0
0
0
0
0
0
0
0
0
0
8944
6035
6443
3177
9085
3261
12369
14613
6247
9690
4714
2324
2324
2324
2324
2324
2324
2324
2324
2324
2324
2324
2324
0
0
0
0
0
0
0
0
0
0
0
0
0
0
0
0
0
0
0
0
0
0
0
0
0
0
0
0
0
0
0
0
0
0
0
0
0
0
0
0
0
0
0
0
0
0
0
0
0
0
0
0
0
0
0
0
0
0
0
0
0
0
0
0
0
0
0
0
0
0
0
0
0
0
0
0
0
0
0
0
0
0
0
0
0
0
0
0
0
0
0
0
0
0
8294
4917
11844
11911
3743
10007
12496
4917
5157
3485
3261
13529
13758
6035
12859
8497
16064
8942
6443
10987
4957
3261
4917
4337
15612
8497
1972
6443
11936
10240
9378
6443
9645
6312
8951
6443
3505
2324
2324
2324
2324
2324
2324
2324
2324
2324
2324
2324
2324
2324
2324
2324
2324
2324
2324
2324
2324
2324
2324
2324
2324
2324
2324
2324
2324
2324
2324
2324
2324
2324
2324
2324
2324
2324
2324
0
0
0
0
0
0
0
0
0
0
0
0
0
0
0
0
0
0
0
0
0
0
0
0
0
0
0
0
0
0
0
0
0
0
0
0
0
0
0
0
0
0
4917
14975
10854
1270
5549
2936
15805
12273
3530
1058
14613
5794
6354
8109
14613
16458
12331
5595
1151
5625
6183
3743
10007
6461
12331
7070
2212
10122
2007
12723
13505
8306
15492
11743
14398
2324
2324
2324
2324
2324
2324
2324
2324
2324
2324
2324
2324
2324
2324
2324
2324
2324
2324
2324
2324
2324
2324
2324
2324
2324
2324
2324
2324
2324
2324
2324
2324
2324
2324
2324
2324
0
0
0
0
0
0
0
0
0
0
0
0
0
0
0
0
0
0
0
0
0
0
0
0
0
0
0
0
0
0
0
0
0
0
0
0
0
0
0
0
0
0
0
0
0
0
9714
8497
14649
8748
12637
8944
6035
1270
8798
8944
6035
10625
8497
12331
5733
8958
6183
7496
8951
14398
6443
5615
2324
2324
2324
2324
2324
2324
2324
2324
2324
2324
2324
2324
2324
2324
2324
2324
2324
2324
2324
2324
2324
2324
2324
0
0
0
0
0
0
0
0
0
0
0
0
0
0
0
0
0
0
0
0
0
0
0
0
0
0
0
0
0
0
0
0
0
0
0
0
0
0
0
0
0
0
0
0
0
0
0
0
0
0
0
0
0
0
0
0
0
0
0
0
0
0
0
0
0
0
0
0
0
0
0
0
3253
8942
1421
3261
4917
10840
1768
16276
14613
4113
15324
5335
8951
10310
13627
8497
14613
8951
12954
3261
15179
14721
6359
8497
1331
6035
583
8951
2212
528
6443
3628
2324
2324
2324
2324
2324
2324
2324
2324
2324
2324
2324
2324
2324
2324
2324
2324
2324
2324
2324
2324
2324
2324
2324
2324
2324
2324
2324
2324
2324
2324
2324
2324
2324
0
0
0
0
0
0
0
0
0
0
0
0
0
0
0
0
0
0
0
0
0
0
0
0
0
0
0
0
0
0
0
0
0
0
0
0
0
0
0
0
0
0
0
0
0
0
0
0
0
0
0
0
8294
8958
11562
15308
8942
2394
9546
8497
1940
2638
8942
2394
8798
2324
2324
2324
2324
2324
2324
2324
2324
2324
2324
2324
2324
2324
2324
0
0
0
0
0
0
0
0
0
0
0
0
0
0
0
0
0
0
0
0
0
0
0
0
0
0
0
0
0
0
0
0
0
0
0
0
0
0
0
0
0
0
0
0
0
0
0
0
0
0
0
0
0
0
0
0
0
0
0
0
0
0
0
0
0
0
0
0
0
0
0
0
0
0
0
0
0
0
0
0
0
0
0
0
0
0
0
0
0
0
16135
5221
12452
11701
8497
2009
14968
8958
6183
4681
10007
16390
14648
6035
10566
8497
8942
12206
15986
2936
14648
15857
12206
6443
6649
8497
15304
13319
14398
6443
204
1800
11701
14613
10566
4739
1972
6107
481
2158
3261
7290
1989
14613
9628
10342
2324
2324
2324
2324
2324
2324
2324
2324
2324
2324
2324
2324
2324
2324
2324
2324
2324
2324
2324
2324
2324
2324
2324
2324
2324
2324
2324
2324
2324
2324
2324
2324
2324
2324
2324
2324
2324
2324
2324
2324
2324
2324
2324
2324
2324
2324
2324
0
0
0
0
0
0
0
0
0
0
0
0
0
0
0
0
0
0
0
0
0
0
0
0
5452
3783
14613
9358
1972
6172
8497
12331
12929
9838
2009
2111
3604
12088
4093
12178
8380
12178
9695
15
860
15796
10033
2324
2324
2324
2324
2324
2324
2324
2324
2324
2324
2324
2324
2324
2324
2324
2324
2324
2324
2324
2324
2324
2324
2324
2324
0
0
0
0
0
0
0
0
0
0
0
0
0
0
0
0
0
0
0
0
0
0
0
0
0
0
0
0
0
0
0
0
0
0
0
0
0
0
0
0
0
0
0
0
0
0
0
0
0
0
0
0
0
0
0
0
0
0
0
0
0
0
0
0
0
0
0
0
0
0
1421
10511
4926
8942
2006
6880
7703
3261
1421
9524
14613
15118
8125
8944
6035
4665
12818
8798
8944
3940
10007
11851
2212
11838
3261
3653
2324
2324
2324
2324
2324
2324
2324
2324
2324
2324
2324
2324
2324
2324
2324
2324
2324
2324
2324
2324
2324
2324
2324
2324
2324
2324
2324
2324
0
0
0
0
0
0
0
0
0
0
0
0
0
0
0
0
0
0
0
0
0
0
0
0
0
0
0
0
0
0
0
0
0
0
0
0
0
0
0
0
0
0
0
0
0
0
0
0
0
0
0
0
0
0
0
0
0
0
0
0
0
0
0
4665
13427
4917
2638
14312
13099
9838
12178
3654
382
8497
8944
1608
2936
9304
12210
2324
2324
2324
2324
2324
2324
2324
2324
2324
2324
2324
2324
2324
2324
2324
2324
2324
0
0
0
0
0
0
0
0
0
0
0
0
0
0
0
0
0
0
0
0
0
0
0
0
0
0
0
0
0
0
0
0
0
0
0
0
0
0
0
0
0
0
0
0
0
0
0
0
0
0
0
0
0
0
0
0
0
0
0
0
0
0
0
0
0
0
0
0
0
0
0
0
0
0
0
0
0
0
0
0
0
0
0
0
4917
5071
4562
15159
11052
8497
12331
8944
8975
10286
2324
2324
2324
2324
2324
2324
2324
2324
2324
2324
2324
0
0
0
0
0
0
0
0
0
0
0
0
0
0
0
0
0
0
0
0
0
0
0
0
0
0
0
0
0
0
0
0
0
0
0
0
0
0
0
0
0
0
0
0
0
0
0
0
0
0
0
0
0
0
0
0
0
0
0
0
0
0
0
0
0
0
0
0
0
0
0
0
0
0
0
0
0
0
0
0
0
0
0
0
0
0
0
0
0
0
0
0
0
0
0
0
7767
6443
903
13412
1151
12880
8951
6443
16315
12178
10357
13432
8497
14613
4418
11443
6169
4917
14975
2936
4917
11099
3261
2006
15730
485
2324
2324
2324
2324
2324
2324
2324
2324
2324
2324
2324
2324
2324
2324
2324
2324
2324
2324
2324
2324
2324
2324
2324
2324
2324
0
0
0
0
0
0
0
0
0
0
0
0
0
0
0
0
0
0
0
0
0
0
0
0
0
0
0
0
0
0
0
0
0
0
0
0
0
0
0
0
0
0
0
0
0
0
0
0
0
0
0
0
0
0
0
0
0
0
0
0
0
0
0
0
0
0
4917
1011
8942
2007
1933
14613
2007
11052
2007
8944
8942
5785
7636
2324
2324
2324
2324
2324
2324
2324
2324
2324
2324
2324
2324
2324
0
0
0
0
0
0
0
0
0
0
0
0
0
0
0
0
0
0
0
0
0
0
0
0
0
0
0
0
0
0
0
0
0
0
0
0
0
0
0
0
0
0
0
0
0
0
0
0
0
0
0
0
0
0
0
0
0
0
0
0
0
0
0
0
0
0
0
0
0
0
0
0
0
0
0
0
0
0
0
0
0
0
0
0
0
0
0
0
0
0
0
3423
8497
2645
14052
3298
2324
2324
2324
2324
2324
2324
0
0
0
0
0
0
0
0
0
0
0
0
0
0
0
0
0
0
0
0
0
0
0
0
0
0
0
0
0
0
0
0
0
0
0
0
0
0
0
0
0
0
0
0
0
0
0
0
0
0
0
0
0
0
0
0
0
0
0
0
0
0
0
0
0
0
0
0
0
0
0
0
0
0
0
0
0
0
0
0
0
0
0
0
0
0
0
0
0
0
0
0
0
0
0
0
0
0
0
0
0
0
0
0
0
0
4917
10284
6360
12818
15495
16475
12178
4917
10625
3674
8497
4418
6360
12818
15495
5919
15935
14648
12178
4681
3218
2324
2324
2324
2324
2324
2324
2324
2324
2324
2324
2324
2324
2324
2324
2324
2324
2324
2324
2324
2324
2324
2324
0
0
0
0
0
0
0
0
0
0
0
0
0
0
0
0
0
0
0
0
0
0
0
0
0
0
0
0
0
0
0
0
0
0
0
0
0
0
0
0
0
0
0
0
0
0
0
0
0
0
0
0
0
0
0
0
0
0
0
0
0
0
0
0
0
0
0
0
0
0
0
0
0
0
4917
16276
8497
10980
3130
16274
15760
8294
9996
14319
16074
11851
9690
9069
860
2792
10284
9190
2324
2324
2324
2324
2324
2324
2324
2324
2324
2324
2324
2324
2324
2324
2324
2324
2324
2324
0
0
0
0
0
0
0
0
0
0
0
0
0
0
0
0
0
0
0
0
0
0
0
0
0
0
0
0
0
0
0
0
0
0
0
0
0
0
0
0
0
0
0
0
0
0
0
0
0
0
0
0
0
0
0
0
0
0
0
0
0
0
0
0
0
0
0
0
0
0
0
0
0
0
0
0
0
0
0
0
0
6443
1793
11477
8951
12491
2324
2324
2324
2324
2324
2324
0
0
0
0
0
0
0
0
0
0
0
0
0
0
0
0
0
0
0
0
0
0
0
0
0
0
0
0
0
0
0
0
0
0
0
0
0
0
0
0
0
0
0
0
0
0
0
0
0
0
0
0
0
0
0
0
0
0
0
0
0
0
0
0
0
0
0
0
0
0
0
0
0
0
0
0
0
0
0
0
0
0
0
0
0
0
0
0
0
0
0
0
0
0
0
0
0
0
0
0
0
0
0
0
0
0
6443
10705
12398
10596
4917
11333
3261
1108
7783
5625
45
11716
806
11201
15660
1972
8944
3940
9598
6443
6312
8497
15048
10841
2324
2324
2324
2324
2324
2324
2324
2324
2324
2324
2324
2324
2324
2324
2324
2324
2324
2324
2324
2324
2324
2324
2324
2324
2324
2324
0
0
0
0
0
0
0
0
0
0
0
0
0
0
0
0
0
0
0
0
0
0
0
0
0
0
0
0
0
0
0
0
0
0
0
0
0
0
0
0
0
0
0
0
0
0
0
0
0
0
0
0
0
0
0
0
0
0
0
0
0
0
0
0
0
0
0
6892
2233
12815
860
8959
367
8497
1972
5733
6443
15745
3543
838
1135
4917
5074
2324
2324
2324
2324
2324
2324
2324
2324
2324
2324
2324
2324
2324
2324
2324
2324
0
0
0
0
0
0
0
0
0
0
0
0
0
0
0
0
0
0
0
0
0
0
0
0
0
0
0
0
0
0
0
0
0
0
0
0
0
0
0
0
0
0
0
0
0
0
0
0
0
0
0
0
0
0
0
0
0
0
0
0
0
0
0
0
0
0
0
0
0
0
0
0
0
0
0
0
0
0
0
0
0
0
0
0
0
12899
6443
11181
3261
6443
5948
8951
14978
14613
4407
8497
6443
8838
8497
533
4368
8497
13498
12101
3192
4917
13442
4287
2324
2324
2324
2324
2324
2324
2324
2324
2324
2324
2324
2324
2324
2324
2324
2324
2324
2324
2324
2324
2324
2324
2324
2324
0
0
0
0
0
0
0
0
0
0
0
0
0
0
0
0
0
0
0
0
0
0
0
0
0
0
0
0
0
0
0
0
0
0
0
0
0
0
0
0
0
0
0
0
0
0
0
0
0
0
0
0
0
0
0
0
0
0
0
0
0
0
0
0
0
0
0
0
0
0
12206
10840
9716
8497
8944
6360
14648
679
2663
1022
8497
3466
8944
14613
9346
2212
13167
8497
2212
11704
8497
2212
3674
8951
8459
12178
6666
2335
3200
2324
2324
2324
2324
2324
2324
2324
2324
2324
2324
2324
2324
2324
2324
2324
2324
2324
2324
2324
2324
2324
2324
2324
2324
2324
2324
2324
2324
2324
2324
0
0
0
0
0
0
0
0
0
0
0
0
0
0
0
0
0
0
0
0
0
0
0
0
0
0
0
0
0
0
0
0
0
0
0
0
0
0
0
0
0
0
0
0
0
0
0
0
0
0
0
0
0
0
0
0
0
0
9878
8497
8951
15118
10840
12858
5470
9106
1637
9776
8497
16224
8294
4917
15257
3862
8951
4917
1169
238
3261
15118
7339
2324
2324
2324
2324
2324
2324
2324
2324
2324
2324
2324
2324
2324
2324
2324
2324
2324
2324
2324
2324
2324
2324
2324
0
0
0
0
0
0
0
0
0
0
0
0
0
0
0
0
0
0
0
0
0
0
0
0
0
0
0
0
0
0
0
0
0
0
0
0
0
0
0
0
0
0
0
0
0
0
0
0
0
0
0
0
0
0
0
0
0
0
0
0
0
0
0
0
0
0
0
0
0
0
0
6880
14613
2243
10284
8497
12331
9996
3261
6183
16074
2770
4917
16373
15159
8289
12178
2896
10122
2324
2324
2324
2324
2324
2324
2324
2324
2324
2324
2324
2324
2324
2324
2324
2324
2324
2324
2324
0
0
0
0
0
0
0
0
0
0
0
0
0
0
0
0
0
0
0
0
0
0
0
0
0
0
0
0
0
0
0
0
0
0
0
0
0
0
0
0
0
0
0
0
0
0
0
0
0
0
0
0
0
0
0
0
0
0
0
0
0
0
0
0
0
0
0
0
0
0
0
0
0
0
0
0
0
0
0
0
1058
2006
6354
3423
10263
3298
2324
2324
2324
2324
2324
2324
2324
0
0
0
0
0
0
0
0
0
0
0
0
0
0
0
0
0
0
0
0
0
0
0
0
0
0
0
0
0
0
0
0
0
0
0
0
0
0
0
0
0
0
0
0
0
0
0
0
0
0
0
0
0
0
0
0
0
0
0
0
0
0
0
0
0
0
0
0
0
0
0
0
0
0
0
0
0
0
0
0
0
0
0
0
0
0
0
0
0
0
0
0
0
0
0
0
0
0
0
0
0
0
0
0
5486
6443
2638
12331
6443
5327
2183
680
14267
1270
7883
14613
6855
8497
8944
6035
12101
2763
2324
2324
2324
2324
2324
2324
2324
2324
2324
2324
2324
2324
2324
2324
2324
2324
2324
2324
0
0
0
0
0
0
0
0
0
0
0
0
0
0
0
0
0
0
0
0
0
0
0
0
0
0
0
0
0
0
0
0
0
0
0
0
0
0
0
0
0
0
0
0
0
0
0
0
0
0
0
0
0
0
0
0
0
0
0
0
0
0
0
0
0
0
0
0
0
0
0
0
0
0
0
0
0
0
0
0
0
16135
15269
6035
10284
8942
8497
14645
9838
8497
6443
3127
14613
6443
12539
2324
2324
2324
2324
2324
2324
2324
2324
2324
2324
2324
2324
2324
2324
2324
0
0
0
0
0
0
0
0
0
0
0
0
0
0
0
0
0
0
0
0
0
0
0
0
0
0
0
0
0
0
0
0
0
0
0
0
0
0
0
0
0
0
0
0
0
0
0
0
0
0
0
0
0
0
0
0
0
0
0
0
0
0
0
0
0
0
0
0
0
0
0
0
0
0
0
0
0
0
0
0
0
0
0
0
0
0
0
0
12217
16412
8497
860
4917
10840
10773
8497
8944
4874
4917
9873
15805
14613
5141
5124
5625
15630
2335
11348
2324
2324
2324
2324
2324
2324
2324
2324
2324
2324
2324
2324
2324
2324
2324
2324
2324
2324
2324
2324
2324
0
0
0
0
0
0
0
0
0
0
0
0
0
0
0
0
0
0
0
0
0
0
0
0
0
0
0
0
0
0
0
0
0
0
0
0
0
0
0
0
0
0
0
0
0
0
0
0
0
0
0
0
0
0
0
0
0
0
0
0
0
0
0
0
0
0
0
0
0
0
0
0
0
0
0
0
4763
12178
4917
10043
15015
3261
12221
8497
14614
1578
5625
10253
4917
532
2913
2006
5658
12460
3261
5470
12743
1090
4858
8412
2324
2324
2324
2324
2324
2324
2324
2324
2324
2324
2324
2324
2324
2324
2324
2324
2324
2324
2324
2324
2324
2324
2324
0
0
0
0
0
0
0
0
0
0
0
0
0
0
0
0
0
0
0
0
0
0
0
0
0
0
0
0
0
0
0
0
0
0
0
0
0
0
0
0
0
0
0
0
0
0
0
0
0
0
0
0
0
0
0
0
0
0
0
0
0
0
0
0
0
0
0
0
0
0
13422
2442
3261
8349
12158
8497
8211
8497
11249
14613
5994
12079
5363
781
4917
12491
2009
4917
12145
3261
4917
14975
2324
2324
2324
2324
2324
2324
2324
2324
2324
2324
2324
2324
2324
2324
2324
2324
2324
2324
2324
2324
2324
2324
2324
0
0
0
0
0
0
0
0
0
0
0
0
0
0
0
0
0
0
0
0
0
0
0
0
0
0
0
0
0
0
0
0
0
0
0
0
0
0
0
0
0
0
0
0
0
0
0
0
0
0
0
0
0
0
0
0
0
0
0
0
0
0
0
0
0
0
0
0
0
0
0
0
16158
4917
11481
3261
4917
6937
15210
434
1972
4917
4876
3261
318
6551
4917
16343
12178
11004
6443
7543
12193
14613
2034
2638
2324
2324
2324
2324
2324
2324
2324
2324
2324
2324
2324
2324
2324
2324
2324
2324
2324
2324
2324
2324
2324
2324
2324
2324
2324
2324
0
0
0
0
0
0
0
0
0
0
0
0
0
0
0
0
0
0
0
0
0
0
0
0
0
0
0
0
0
0
0
0
0
0
0
0
0
0
0
0
0
0
0
0
0
0
0
0
0
0
0
0
0
0
0
0
0
0
0
0
0
0
0
0
0
0
0
12770
8942
6443
2125
9837
8497
14926
4917
3544
8951
6443
16247
14613
1090
13730
5625
8942
1198
12331
4842
2324
2324
2324
2324
2324
2324
2324
2324
2324
2324
2324
2324
2324
2324
2324
2324
2324
2324
2324
2324
2324
0
0
0
0
0
0
0
0
0
0
0
0
0
0
0
0
0
0
0
0
0
0
0
0
0
0
0
0
0
0
0
0
0
0
0
0
0
0
0
0
0
0
0
0
0
0
0
0
0
0
0
0
0
0
0
0
0
0
0
0
0
0
0
0
0
0
0
0
0
0
0
0
0
0
0
0
6443
6040
9690
3944
8497
3082
829
5205
14398
4917
14105
1972
6443
10592
12721
3261
5444
9159
14613
1846
12169
2871
2324
2324
2324
2324
2324
2324
2324
2324
2324
2324
2324
2324
2324
2324
2324
2324
2324
2324
2324
2324
2324
2324
2324
0
0
0
0
0
0
0
0
0
0
0
0
0
0
0
0
0
0
0
0
0
0
0
0
0
0
0
0
0
0
0
0
0
0
0
0
0
0
0
0
0
0
0
0
0
0
0
0
0
0
0
0
0
0
0
0
0
0
0
0
0
0
0
0
0
0
0
0
0
0
0
0
8944
6943
2006
845
1022
1376
8497
8944
6035
5486
6413
2057
14613
8944
6035
14772
6228
12331
6183
4665
11851
12178
1151
4917
11174
8497
7636
8497
937
2638
12601
11174
14601
9766
11648
2324
2324
2324
2324
2324
2324
2324
2324
2324
2324
2324
2324
2324
2324
2324
2324
2324
2324
2324
2324
2324
2324
2324
2324
2324
2324
2324
2324
2324
2324
2324
2324
2324
2324
2324
2324
0
0
0
0
0
0
0
0
0
0
0
0
0
0
0
0
0
0
0
0
0
0
0
0
0
0
0
0
0
0
0
0
0
0
0
0
0
0
0
0
0
0
0
0
0
0
12980
6443
14975
420
9838
12178
8965
4917
9998
3261
131
2522
12206
6443
12485
15986
485
8497
2335
5372
8942
1270
655
8951
4917
844
13857
8944
8942
16315
12178
9851
2394
15453
2009
8944
2324
2324
2324
2324
2324
2324
2324
2324
2324
2324
2324
2324
2324
2324
2324
2324
2324
2324
2324
2324
2324
2324
2324
2324
2324
2324
2324
2324
2324
2324
2324
2324
2324
2324
2324
2324
0
0
0
0
0
0
0
0
0
0
0
0
0
0
0
0
0
0
0
0
0
0
0
0
0
0
0
0
0
0
0
0
0
0
0
0
0
0
0
0
0
0
0
0
0
14438
15159
6443
15745
8427
14613
15756
2876
13232
10867
12273
8497
12331
5486
9838
12178
8965
3253
1198
2212
528
4523
11174
2738
527
2324
2324
2324
2324
2324
2324
2324
2324
2324
2324
2324
2324
2324
2324
2324
2324
2324
2324
2324
2324
2324
2324
2324
2324
2324
0
0
0
0
0
0
0
0
0
0
0
0
0
0
0
0
0
0
0
0
0
0
0
0
0
0
0
0
0
0
0
0
0
0
0
0
0
0
0
0
0
0
0
0
0
0
0
0
0
0
0
0
0
0
0
0
0
0
0
0
0
0
0
0
0
0
0
5486
1270
655
2763
2007
5226
14759
9546
8497
8944
6035
2158
3261
15348
1421
11366
8497
5486
1385
14066
8497
14613
6443
2490
2080
14216
5625
1487
4203
2324
2324
2324
2324
2324
2324
2324
2324
2324
2324
2324
2324
2324
2324
2324
2324
2324
2324
2324
2324
2324
2324
2324
2324
2324
2324
2324
0
0
0
0
0
0
0
0
0
0
0
0
0
0
0
0
0
0
0
0
0
0
0
0
0
0
0
0
0
0
0
0
0
0
0
0
0
0
0
0
0
0
0
0
0
0
0
0
0
0
0
0
0
0
0
0
0
0
0
0
0
4917
578
8942
12498
14613
14908
8497
9027
5063
1213
2324
2324
2324
2324
2324
2324
2324
2324
2324
2324
2324
0
0
0
0
0
0
0
0
0
0
0
0
0
0
0
0
0
0
0
0
0
0
0
0
0
0
0
0
0
0
0
0
0
0
0
0
0
0
0
0
0
0
0
0
0
0
0
0
0
0
0
0
0
0
0
0
0
0
0
0
0
0
0
0
0
0
0
0
0
0
0
0
0
0
0
0
0
0
0
0
0
0
0
0
0
0
0
0
0
0
0
0
0
0
0
0
2006
11201
7965
16037
8497
7921
9901
3261
6443
9204
8228
865
6864
8942
10797
1972
6443
4082
6291
13035
2324
2324
2324
2324
2324
2324
2324
2324
2324
2324
2324
2324
2324
2324
2324
2324
2324
2324
2324
0
0
0
0
0
0
0
0
0
0
0
0
0
0
0
0
0
0
0
0
0
0
0
0
0
0
0
0
0
0
0
0
0
0
0
0
0
0
0
0
0
0
0
0
0
0
0
0
0
0
0
0
0
0
0
0
0
0
0
0
0
0
0
0
0
0
0
0
0
0
0
0
0
0
0
0
0
0
14277
6443
6320
14978
14613
3035
10689
8497
8395
1176
5363
5416
4917
10043
12422
4401
290
2007
16135
6107
1918
6035
8050
10271
2324
2324
2324
2324
2324
2324
2324
2324
2324
2324
2324
2324
2324
2324
2324
2324
2324
2324
2324
2324
2324
2324
2324
2324
0
0
0
0
0
0
0
0
0
0
0
0
0
0
0
0
0
0
0
0
0
0
0
0
0
0
0
0
0
0
0
0
0
0
0
0
0
0
0
0
0
0
0
0
0
0
0
0
0
0
0
0
0
0
0
0
0
0
0
0
0
0
0
0
0
0
0
0
0
540
4898
10509
3261
4917
10841
14413
4811
5625
14848
7557
6443
2212
10276
10137
8294
15258
5142
8951
15118
10014
9037
2324
2324
2324
2324
2324
2324
2324
2324
2324
2324
2324
2324
2324
2324
2324
2324
2324
2324
2324
2324
2324
2324
2324
0
0
0
0
0
0
0
0
0
0
0
0
0
0
0
0
0
0
0
0
0
0
0
0
0
0
0
0
0
0
0
0
0
0
0
0
0
0
0
0
0
0
0
0
0
0
0
0
0
0
0
0
0
0
0
0
0
0
0
0
0
0
0
0
0
0
0
0
0
0
0
0
4320
1058
1657
6354
12485
15986
13948
14613
15469
13167
14277
15196
14398
1751
3261
4917
11096
9287
14413
3783
6864
2324
2324
2324
2324
2324
2324
2324
2324
2324
2324
2324
2324
2324
2324
2324
2324
2324
2324
0
0
0
0
0
0
0
0
0
0
0
0
0
0
0
0
0
0
0
0
0
0
0
0
0
0
0
0
0
0
0
0
0
0
0
0
0
0
0
0
0
0
0
0
0
0
0
0
0
0
0
0
0
0
0
0
0
0
0
0
0
0
0
0
0
0
0
0
0
0
0
0
0
0
0
0
0
0
4917
6702
3378
8951
4917
13886
5321
8497
13886
13155
8942
9807
3861
1621
14613
3126
528
4917
2663
10481
8497
8289
16412
655
3261
4917
8288
5042
8942
2618
8951
6443
3911
11603
1597
13886
3437
8951
15566
2324
2324
2324
2324
2324
2324
2324
2324
2324
2324
2324
2324
2324
2324
2324
2324
2324
2324
2324
2324
2324
2324
2324
2324
2324
2324
2324
2324
2324
2324
2324
2324
2324
2324
2324
2324
2324
2324
2324
2324
0
0
0
0
0
0
0
0
0
0
0
0
0
0
0
0
0
0
0
0
0
0
0
0
0
0
0
0
0
0
0
0
0
0
0
0
0
0
4917
10964
860
3253
10130
3298
6796
7196
1139
6
15807
6868
14613
6443
6128
3261
7567
8951
8497
12331
4917
10284
12585
11851
13097
14024
8951
4917
11598
3261
6443
11403
3569
2324
2324
2324
2324
2324
2324
2324
2324
2324
2324
2324
2324
2324
2324
2324
2324
2324
2324
2324
2324
2324
2324
2324
2324
2324
2324
2324
2324
2324
2324
2324
2324
2324
2324
0
0
0
0
0
0
0
0
0
0
0
0
0
0
0
0
0
0
0
0
0
0
0
0
0
0
0
0
0
0
0
0
0
0
0
0
0
0
0
0
0
0
0
0
0
0
0
0
0
0
11319
14613
3813
8942
1270
11340
351
11594
8497
8944
8881
14597
2212
16494
2101
12178
8948
2324
2324
2324
2324
2324
2324
2324
2324
2324
2324
2324
2324
2324
2324
2324
2324
2324
0
0
0
0
0
0
0
0
0
0
0
0
0
0
0
0
0
0
0
0
0
0
0
0
0
0
0
0
0
0
0
0
0
0
0
0
0
0
0
0
0
0
0
0
0
0
0
0
0
0
0
0
0
0
0
0
0
0
0
0
0
0
0
0
0
0
0
0
0
0
0
0
0
0
0
0
0
0
0
0
0
0
0
2111
13919
4093
8942
6443
10625
13782
860
6443
2638
3253
4638
11345
14613
14716
2324
2324
2324
2324
2324
2324
2324
2324
2324
2324
2324
2324
2324
2324
2324
2324
0
0
0
0
0
0
0
0
0
0
0
0
0
0
0
0
0
0
0
0
0
0
0
0
0
0
0
0
0
0
0
0
0
0
0
0
0
0
0
0
0
0
0
0
0
0
0
0
0
0
0
0
0
0
0
0
0
0
0
0
0
0
0
0
0
0
0
0
0
0
0
0
0
0
0
0
0
0
0
0
0
0
0
0
0
0
12158
2982
6443
15576
5180
860
2335
7357
14980
14417
8497
12331
14094
1658
8951
6007
2324
2324
2324
2324
2324
2324
2324
2324
2324
2324
2324
2324
2324
2324
2324
2324
2324
0
0
0
0
0
0
0
0
0
0
0
0
0
0
0
0
0
0
0
0
0
0
0
0
0
0
0
0
0
0
0
0
0
0
0
0
0
0
0
0
0
0
0
0
0
0
0
0
0
0
0
0
0
0
0
0
0
0
0
0
0
0
0
0
0
0
0
0
0
0
0
0
0
0
0
0
0
0
0
0
0
0
0
0
7031
16243
3027
14896
11174
200
3836
16011
11955
2324
2324
2324
2324
2324
2324
2324
2324
2324
2324
0
0
0
0
0
0
0
0
0
0
0
0
0
0
0
0
0
0
0
0
0
0
0
0
0
0
0
0
0
0
0
0
0
0
0
0
0
0
0
0
0
0
0
0
0
0
0
0
0
0
0
0
0
0
0
0
0
0
0
0
0
0
0
0
0
0
0
0
0
0
0
0
0
0
0
0
0
0
0
0
0
0
0
0
0
0
0
0
0
0
0
0
0
0
0
0
0
0
16274
5733
5269
9996
16074
3743
10007
8385
4917
10374
5791
4917
10625
8497
4917
8798
14613
4917
8926
2324
2324
2324
2324
2324
2324
2324
2324
2324
2324
2324
2324
2324
2324
2324
2324
2324
2324
2324
2324
0
0
0
0
0
0
0
0
0
0
0
0
0
0
0
0
0
0
0
0
0
0
0
0
0
0
0
0
0
0
0
0
0
0
0
0
0
0
0
0
0
0
0
0
0
0
0
0
0
0
0
0
0
0
0
0
0
0
0
0
0
0
0
0
0
0
0
0
0
0
0
0
0
0
0
0
0
0
1597
2663
1022
14066
14589
15935
3261
11533
6035
667
14975
8497
16064
14361
2006
3401
9990
10596
2972
8497
87
4917
9755
1221
6618
6955
14246
10147
2324
2324
2324
2324
2324
2324
2324
2324
2324
2324
2324
2324
2324
2324
2324
2324
2324
2324
2324
2324
2324
2324
2324
2324
2324
2324
2324
2324
2324
0
0
0
0
0
0
0
0
0
0
0
0
0
0
0
0
0
0
0
0
0
0
0
0
0
0
0
0
0
0
0
0
0
0
0
0
0
0
0
0
0
0
0
0
0
0
0
0
0
0
0
0
0
0
0
0
0
0
0
0
7151
15831
8942
6443
2435
4039
8951
9823
3400
8497
12331
4917
10284
14344
3253
12169
14679
12178
16058
9446
2324
2324
2324
2324
2324
2324
2324
2324
2324
2324
2324
2324
2324
2324
2324
2324
2324
2324
2324
2324
2324
0
0
0
0
0
0
0
0
0
0
0
0
0
0
0
0
0
0
0
0
0
0
0
0
0
0
0
0
0
0
0
0
0
0
0
0
0
0
0
0
0
0
0
0
0
0
0
0
0
0
0
0
0
0
0
0
0
0
0
0
0
0
0
0
0
0
0
0
0
0
0
0
0
0
0
0
8183
8951
4917
5074
8944
6971
4917
204
7248
6552
3261
12169
15831
860
1061
2274
14613
9289
8951
4917
4589
8944
15519
8881
6443
2125
676
8951
1106
8497
14611
1940
2007
9690
2212
528
6443
15424
12178
2896
8663
15377
2324
2324
2324
2324
2324
2324
2324
2324
2324
2324
2324
2324
2324
2324
2324
2324
2324
2324
2324
2324
2324
2324
2324
2324
2324
2324
2324
2324
2324
2324
2324
2324
2324
2324
2324
2324
2324
2324
2324
2324
2324
2324
0
0
0
0
0
0
0
0
0
0
0
0
0
0
0
0
0
0
0
0
0
0
0
0
0
0
0
0
0
0
0
0
0
4917
14169
14054
14613
3686
8886
14975
11631
12331
580
12178
14125
2982
1972
1421
4228
10986
8497
11878
8944
6035
5625
667
8311
8497
9806
860
6822
16151
15767
16074
2394
1151
16583
15767
2324
2324
2324
2324
2324
2324
2324
2324
2324
2324
2324
2324
2324
2324
2324
2324
2324
2324
2324
2324
2324
2324
2324
2324
2324
2324
2324
2324
2324
2324
2324
2324
2324
2324
2324
2324
0
0
0
0
0
0
0
0
0
0
0
0
0
0
0
0
0
0
0
0
0
0
0
0
0
0
0
0
0
0
0
0
0
0
0
0
0
0
0
0
0
0
0
0
0
0
6443
3765
3261
10625
6694
2324
2324
2324
2324
2324
2324
0
0
0
0
0
0
0
0
0
0
0
0
0
0
0
0
0
0
0
0
0
0
0
0
0
0
0
0
0
0
0
0
0
0
0
0
0
0
0
0
0
0
0
0
0
0
0
0
0
0
0
0
0
0
0
0
0
0
0
0
0
0
0
0
0
0
0
0
0
0
0
0
0
0
0
0
0
0
0
0
0
0
0
0
0
0
0
0
0
0
0
0
0
0
0
0
0
0
0
0
0
0
0
0
0
0
12818
8607
8497
12818
15495
14613
12818
15293
2913
16352
8497
9317
4523
11701
15712
5625
4917
1920
7848
806
7062
2936
6443
864
16228
5625
10585
5363
5486
9441
12673
8497
11564
12439
14413
2545
10596
2324
2324
2324
2324
2324
2324
2324
2324
2324
2324
2324
2324
2324
2324
2324
2324
2324
2324
2324
2324
2324
2324
2324
2324
2324
2324
2324
2324
2324
2324
2324
2324
2324
2324
2324
2324
2324
2324
0
0
0
0
0
0
0
0
0
0
0
0
0
0
0
0
0
0
0
0
0
0
0
0
0
0
0
0
0
0
0
0
0
0
0
0
0
0
0
0
0
0
7955
4681
10007
9670
7955
10134
13097
2007
12691
14613
6965
2913
2006
8223
10284
6216
2718
16216
6035
10957
9524
2324
2324
2324
2324
2324
2324
2324
2324
2324
2324
2324
2324
2324
2324
2324
2324
2324
2324
2324
2324
2324
2324
0
0
0
0
0
0
0
0
0
0
0
0
0
0
0
0
0
0
0
0
0
0
0
0
0
0
0
0
0
0
0
0
0
0
0
0
0
0
0
0
0
0
0
0
0
0
0
0
0
0
0
0
0
0
0
0
0
0
0
0
0
0
0
0
0
0
0
0
0
0
0
0
0
0
8943
860
4917
5797
3261
4917
849
2324
2324
2324
2324
2324
2324
2324
2324
0
0
0
0
0
0
0
0
0
0
0
0
0
0
0
0
0
0
0
0
0
0
0
0
0
0
0
0
0
0
0
0
0
0
0
0
0
0
0
0
0
0
0
0
0
0
0
0
0
0
0
0
0
0
0
0
0
0
0
0
0
0
0
0
0
0
0
0
0
0
0
0
0
0
0
0
0
0
0
0
0
0
0
0
0
0
0
0
0
0
0
0
0
0
0
0
0
0
0
0
0
0
655
3261
14648
8942
3651
12178
2896
2111
15345
4093
14613
2111
97
4093
8942
10991
14958
12178
16288
5486
12791
9426
1058
4917
2638
6035
6354
11495
2324
2324
2324
2324
2324
2324
2324
2324
2324
2324
2324
2324
2324
2324
2324
2324
2324
2324
2324
2324
2324
2324
2324
2324
2324
2324
2324
2324
2324
0
0
0
0
0
0
0
0
0
0
0
0
0
0
0
0
0
0
0
0
0
0
0
0
0
0
0
0
0
0
0
0
0
0
0
0
0
0
0
0
0
0
0
0
0
0
0
0
0
0
0
0
0
0
0
0
0
0
0
0
12273
2007
9891
14613
420
2007
4917
7420
2009
6107
13656
9208
10596
2324
2324
2324
2324
2324
2324
2324
2324
2324
2324
2324
2324
2324
2324
0
0
0
0
0
0
0
0
0
0
0
0
0
0
0
0
0
0
0
0
0
0
0
0
0
0
0
0
0
0
0
0
0
0
0
0
0
0
0
0
0
0
0
0
0
0
0
0
0
0
0
0
0
0
0
0
0
0
0
0
0
0
0
0
0
0
0
0
0
0
0
0
0
0
0
0
0
0
0
0
0
0
0
0
0
0
0
0
0
0
8958
7955
15724
9738
2763
1058
9838
6354
14413
6073
1058
9838
6354
4418
8944
12557
2896
743
10987
12178
14925
4917
314
229
8944
6035
6137
12178
6735
11255
4917
11080
10425
2324
2324
2324
2324
2324
2324
2324
2324
2324
2324
2324
2324
2324
2324
2324
2324
2324
2324
2324
2324
2324
2324
2324
2324
2324
2324
2324
2324
2324
2324
2324
2324
2324
2324
0
0
0
0
0
0
0
0
0
0
0
0
0
0
0
0
0
0
0
0
0
0
0
0
0
0
0
0
0
0
0
0
0
0
0
0
0
0
0
0
0
0
0
0
0
0
0
0
0
0
12266
8944
6035
6443
11181
8787
14613
5250
8497
3253
3980
1750
6107
5448
8951
6443
5074
15745
1110
1176
4681
2324
2324
2324
2324
2324
2324
2324
2324
2324
2324
2324
2324
2324
2324
2324
2324
2324
2324
2324
2324
2324
2324
0
0
0
0
0
0
0
0
0
0
0
0
0
0
0
0
0
0
0
0
0
0
0
0
0
0
0
0
0
0
0
0
0
0
0
0
0
0
0
0
0
0
0
0
0
0
0
0
0
0
0
0
0
0
0
0
0
0
0
0
0
0
0
0
0
0
0
0
0
0
0
0
0
0
2009
9672
8497
4917
2876
3261
6443
5585
9524
5517
6443
10284
8942
3423
8497
12331
2007
4917
10284
13564
14398
8497
4917
5886
8842
3259
2324
2324
2324
2324
2324
2324
2324
2324
2324
2324
2324
2324
2324
2324
2324
2324
2324
2324
2324
2324
2324
2324
2324
2324
2324
2324
2324
0
0
0
0
0
0
0
0
0
0
0
0
0
0
0
0
0
0
0
0
0
0
0
0
0
0
0
0
0
0
0
0
0
0
0
0
0
0
0
0
0
0
0
0
0
0
0
0
0
0
0
0
0
0
0
0
0
0
0
0
0
0
0
0
4753
5363
2627
4917
5816
8582
8497
14613
4753
14848
2588
8944
2538
8497
12331
3253
8942
5452
6443
15576
9690
13442
8497
16541
2913
1552
14613
7222
9267
1972
6443
6118
3261
10625
15341
2324
2324
2324
2324
2324
2324
2324
2324
2324
2324
2324
2324
2324
2324
2324
2324
2324
2324
2324
2324
2324
2324
2324
2324
2324
2324
2324
2324
2324
2324
2324
2324
2324
2324
2324
2324
0
0
0
0
0
0
0
0
0
0
0
0
0
0
0
0
0
0
0
0
0
0
0
0
0
0
0
0
0
0
0
0
0
0
0
0
0
0
0
0
0
0
0
0
0
0
8944
4022
7031
11687
14613
13383
6061
8497
12331
12450
8951
2335
2842
860
8901
10208
2324
2324
2324
2324
2324
2324
2324
2324
2324
2324
2324
2324
2324
2324
2324
2324
2324
0
0
0
0
0
0
0
0
0
0
0
0
0
0
0
0
0
0
0
0
0
0
0
0
0
0
0
0
0
0
0
0
0
0
0
0
0
0
0
0
0
0
0
0
0
0
0
0
0
0
0
0
0
0
0
0
0
0
0
0
0
0
0
0
0
0
0
0
0
0
0
0
0
0
0
0
0
0
0
0
0
0
0
0
6443
1468
829
11266
8951
16064
4917
5505
3261
10024
10207
15159
14554
4917
2212
5895
860
4917
1557
7342
5625
806
313
4419
2324
2324
2324
2324
2324
2324
2324
2324
2324
2324
2324
2324
2324
2324
2324
2324
2324
2324
2324
2324
2324
2324
2324
2324
2324
0
0
0
0
0
0
0
0
0
0
0
0
0
0
0
0
0
0
0
0
0
0
0
0
0
0
0
0
0
0
0
0
0
0
0
0
0
0
0
0
0
0
0
0
0
0
0
0
0
0
0
0
0
0
0
0
0
0
0
0
0
0
0
0
0
0
0
0
4917
5926
5942
3261
603
8951
7178
7824
2006
14554
1022
6117
8951
13969
11308
8497
8228
15677
11856
10776
5625
15767
6035
5386
5363
15550
2982
13953
4029
8951
10689
8497
12689
14413
14181
2324
2324
2324
2324
2324
2324
2324
2324
2324
2324
2324
2324
2324
2324
2324
2324
2324
2324
2324
2324
2324
2324
2324
2324
2324
2324
2324
2324
2324
2324
2324
2324
2324
2324
2324
0
0
0
0
0
0
0
0
0
0
0
0
0
0
0
0
0
0
0
0
0
0
0
0
0
0
0
0
0
0
0
0
0
0
0
0
0
0
0
0
0
0
0
0
0
0
0
8242
8497
12855
2324
2324
2324
0
0
0
0
0
0
0
0
0
0
0
0
0
0
0
0
0
0
0
0
0
0
0
0
0
0
0
0
0
0
0
0
0
0
0
0
0
0
0
0
0
0
0
0
0
0
0
0
0
0
0
0
0
0
0
0
0
0
0
0
0
0
0
0
0
0
0
0
0
0
0
0
0
0
0
0
0
0
0
0
0
0
0
0
0
0
0
0
0
0
0
0
0
0
0
0
0
0
0
0
0
0
0
0
0
0
0
0
0
0
0
11201
10795
14613
13714
12178
3410
8497
12331
1579
14613
5143
6035
10663
6694
11001
3253
14597
4197
4917
13528
3261
4917
12162
12221
11901
2638
2324
2324
2324
2324
2324
2324
2324
2324
2324
2324
2324
2324
2324
2324
2324
2324
2324
2324
2324
2324
2324
2324
2324
2324
2324
2324
2324
0
0
0
0
0
0
0
0
0
0
0
0
0
0
0
0
0
0
0
0
0
0
0
0
0
0
0
0
0
0
0
0
0
0
0
0
0
0
0
0
0
0
0
0
0
0
0
0
0
0
0
0
0
0
0
0
0
0
0
0
0
0
0
0
4980
14613
13793
15159
5677
8497
12331
8958
6107
10284
7370
16037
8497
14613
6107
6864
8942
10007
6892
8497
4418
6183
7656
12178
5412
2212
5920
15201
2324
2324
2324
2324
2324
2324
2324
2324
2324
2324
2324
2324
2324
2324
2324
2324
2324
2324
2324
2324
2324
2324
2324
2324
2324
2324
2324
2324
2324
0
0
0
0
0
0
0
0
0
0
0
0
0
0
0
0
0
0
0
0
0
0
0
0
0
0
0
0
0
0
0
0
0
0
0
0
0
0
0
0
0
0
0
0
0
0
0
0
0
0
0
0
0
0
0
0
0
0
0
0
8951
4917
12624
8497
3164
2680
1151
8942
1421
3261
9996
1176
5625
7955
12773
12178
12206
655
2212
528
7955
6483
9316
2324
2324
2324
2324
2324
2324
2324
2324
2324
2324
2324
2324
2324
2324
2324
2324
2324
2324
2324
2324
2324
2324
2324
0
0
0
0
0
0
0
0
0
0
0
0
0
0
0
0
0
0
0
0
0
0
0
0
0
0
0
0
0
0
0
0
0
0
0
0
0
0
0
0
0
0
0
0
0
0
0
0
0
0
0
0
0
0
0
0
0
0
0
0
0
0
0
0
0
0
0
0
0
0
0
6443
16037
8497
7912
9546
14613
5354
1987
9640
14267
6989
12178
9208
9695
655
12673
3054
10102
270
11255
4917
5946
2324
2324
2324
2324
2324
2324
2324
2324
2324
2324
2324
2324
2324
2324
2324
2324
2324
2324
2324
2324
2324
2324
2324
0
0
0
0
0
0
0
0
0
0
0
0
0
0
0
0
0
0
0
0
0
0
0
0
0
0
0
0
0
0
0
0
0
0
0
0
0
0
0
0
0
0
0
0
0
0
0
0
0
0
0
0
0
0
0
0
0
0
0
0
0
0
0
0
0
0
0
0
0
0
0
0
1058
12206
6354
9779
1263
5791
4917
13038
9779
14613
6443
10616
4976
16541
860
2113
2183
2638
2324
2324
2324
2324
2324
2324
2324
2324
2324
2324
2324
2324
2324
2324
2324
2324
2324
0
0
0
0
0
0
0
0
0
0
0
0
0
0
0
0
0
0
0
0
0
0
0
0
0
0
0
0
0
0
0
0
0
0
0
0
0
0
0
0
0
0
0
0
0
0
0
0
0
0
0
0
0
0
0
0
0
0
0
0
0
0
0
0
0
0
0
0
0
0
0
0
0
0
0
0
0
0
0
0
0
0
12331
10949
3640
11851
11052
11017
6443
12329
8306
13886
15543
11002
2324
2324
2324
2324
2324
2324
2324
2324
2324
2324
2324
2324
0
0
0
0
0
0
0
0
0
0
0
0
0
0
0
0
0
0
0
0
0
0
0
0
0
0
0
0
0
0
0
0
0
0
0
0
0
0
0
0
0
0
0
0
0
0
0
0
0
0
0
0
0
0
0
0
0
0
0
0
0
0
0
0
0
0
0
0
0
0
0
0
0
0
0
0
0
0
0
0
0
0
0
0
0
0
0
0
0
0
0
0
0
6320
8410
14613
995
8141
12693
2007
4917
10284
8462
2936
11362
3468
16542
14613
10782
10284
12007
2324
2324
2324
2324
2324
2324
2324
2324
2324
2324
2324
2324
2324
2324
2324
2324
2324
2324
0
0
0
0
0
0
0
0
0
0
0
0
0
0
0
0
0
0
0
0
0
0
0
0
0
0
0
0
0
0
0
0
0
0
0
0
0
0
0
0
0
0
0
0
0
0
0
0
0
0
0
0
0
0
0
0
0
0
0
0
0
0
0
0
0
0
0
0
0
0
0
0
0
0
0
0
0
0
0
0
0
6443
10218
1698
14613
7298
8306
8726
10284
12273
2006
4797
1800
8951
6443
9725
5523
845
9624
6035
667
2324
2324
2324
2324
2324
2324
2324
2324
2324
2324
2324
2324
2324
2324
2324
2324
2324
2324
2324
0
0
0
0
0
0
0
0
0
0
0
0
0
0
0
0
0
0
0
0
0
0
0
0
0
0
0
0
0
0
0
0
0
0
0
0
0
0
0
0
0
0
0
0
0
0
0
0
0
0
0
0
0
0
0
0
0
0
0
0
0
0
0
0
0
0
0
0
0
0
0
0
0
0
0
0
0
0
8944
6035
6443
8919
12199
12178
4917
11490
14277
5084
6443
4826
5886
8497
16541
6333
2913
2335
1180
603
8951
6443
10318
5363
5873
8622
628
2324
2324
2324
2324
2324
2324
2324
2324
2324
2324
2324
2324
2324
2324
2324
2324
2324
2324
2324
2324
2324
2324
2324
2324
2324
2324
2324
2324
0
0
0
0
0
0
0
0
0
0
0
0
0
0
0
0
0
0
0
0
0
0
0
0
0
0
0
0
0
0
0
0
0
0
0
0
0
0
0
0
0
0
0
0
0
0
0
0
0
0
0
0
0
0
0
0
0
0
0
0
0
0
4686
12192
14613
9048
8424
11042
6694
8497
12331
16011
1637
1022
8942
9734
2913
4917
14975
6035
14281
12178
11004
8891
2324
2324
2324
2324
2324
2324
2324
2324
2324
2324
2324
2324
2324
2324
2324
2324
2324
2324
2324
2324
2324
2324
2324
0
0
0
0
0
0
0
0
0
0
0
0
0
0
0
0
0
0
0
0
0
0
0
0
0
0
0
0
0
0
0
0
0
0
0
0
0
0
0
0
0
0
0
0
0
0
0
0
0
0
0
0
0
0
0
0
0
0
0
0
0
0
0
0
0
0
0
0
0
0
0
0
4917
4251
8942
6247
15756
8497
12331
11303
14886
8944
9142
1972
12818
1651
13167
14613
14247
8497
14554
13238
14613
14597
12818
1389
12178
7557
9787
3261
2324
2324
2324
2324
2324
2324
2324
2324
2324
2324
2324
2324
2324
2324
2324
2324
2324
2324
2324
2324
2324
2324
2324
2324
2324
2324
2324
2324
2324
0
0
0
0
0
0
0
0
0
0
0
0
0
0
0
0
0
0
0
0
0
0
0
0
0
0
0
0
0
0
0
0
0
0
0
0
0
0
0
0
0
0
0
0
0
0
0
0
0
0
0
0
0
0
0
0
0
0
0
0
12980
6443
7577
11736
2913
3820
8497
8944
6035
6443
14151
6474
5625
15592
11255
2006
10174
4191
6888
14613
1039
15599
5991
2324
2324
2324
2324
2324
2324
2324
2324
2324
2324
2324
2324
2324
2324
2324
2324
2324
2324
2324
2324
2324
2324
2324
2324
0
0
0
0
0
0
0
0
0
0
0
0
0
0
0
0
0
0
0
0
0
0
0
0
0
0
0
0
0
0
0
0
0
0
0
0
0
0
0
0
0
0
0
0
0
0
0
0
0
0
0
0
0
0
0
0
0
0
0
0
0
0
0
0
0
0
0
0
0
0
2378
5733
8951
5625
8944
1415
4917
672
6035
15752
12371
3261
2516
12182
2324
2324
2324
2324
2324
2324
2324
2324
2324
2324
2324
2324
2324
2324
0
0
0
0
0
0
0
0
0
0
0
0
0
0
0
0
0
0
0
0
0
0
0
0
0
0
0
0
0
0
0
0
0
0
0
0
0
0
0
0
0
0
0
0
0
0
0
0
0
0
0
0
0
0
0
0
0
0
0
0
0
0
0
0
0
0
0
0
0
0
0
0
0
0
0
0
0
0
0
0
0
0
0
0
0
0
0
0
0
12178
4917
10284
6035
8341
8497
4917
10689
8942
3062
14613
2469
8497
14613
10060
8942
6443
501
3261
5138
4417
9306
15942
2324
2324
2324
2324
2324
2324
2324
2324
2324
2324
2324
2324
2324
2324
2324
2324
2324
2324
2324
2324
2324
2324
2324
2324
0
0
0
0
0
0
0
0
0
0
0
0
0
0
0
0
0
0
0
0
0
0
0
0
0
0
0
0
0
0
0
0
0
0
0
0
0
0
0
0
0
0
0
0
0
0
0
0
0
0
0
0
0
0
0
0
0
0
0
0
0
0
0
0
0
0
0
0
0
0
14723
8497
12331
1972
6443
1727
9776
2913
5694
5909
2324
2324
2324
2324
2324
2324
2324
2324
2324
2324
2324
0
0
0
0
0
0
0
0
0
0
0
0
0
0
0
0
0
0
0
0
0
0
0
0
0
0
0
0
0
0
0
0
0
0
0
0
0
0
0
0
0
0
0
0
0
0
0
0
0
0
0
0
0
0
0
0
0
0
0
0
0
0
0
0
0
0
0
0
0
0
0
0
0
0
0
0
0
0
0
0
0
0
0
0
0
0
0
0
0
0
0
0
0
0
0
0
10266
10291
8942
10625
8497
12331
4665
6443
3860
8942
4665
6443
12637
2324
2324
2324
2324
2324
2324
2324
2324
2324
2324
2324
2324
2324
2324
0
0
0
0
0
0
0
0
0
0
0
0
0
0
0
0
0
0
0
0
0
0
0
0
0
0
0
0
0
0
0
0
0
0
0
0
0
0
0
0
0
0
0
0
0
0
0
0
0
0
0
0
0
0
0
0
0
0
0
0
0
0
0
0
0
0
0
0
0
0
0
0
0
0
0
0
0
0
0
0
0
0
0
0
0
0
0
0
0
0
7031
12518
1747
14848
11851
7204
2324
2324
2324
2324
2324
2324
2324
0
0
0
0
0
0
0
0
0
0
0
0
0
0
0
0
0
0
0
0
0
0
0
0
0
0
0
0
0
0
0
0
0
0
0
0
0
0
0
0
0
0
0
0
0
0
0
0
0
0
0
0
0
0
0
0
0
0
0
0
0
0
0
0
0
0
0
0
0
0
0
0
0
0
0
0
0
0
0
0
0
0
0
0
0
0
0
0
0
0
0
0
0
0
0
0
0
0
0
0
0
0
0
0
1616
6757
10023
10814
9624
1895
8497
8294
2007
8944
8236
14882
5791
15767
2007
1251
8497
10890
14613
9521
2324
2324
2324
2324
2324
2324
2324
2324
2324
2324
2324
2324
2324
2324
2324
2324
2324
2324
2324
2324
0
0
0
0
0
0
0
0
0
0
0
0
0
0
0
0
0
0
0
0
0
0
0
0
0
0
0
0
0
0
0
0
0
0
0
0
0
0
0
0
0
0
0
0
0
0
0
0
0
0
0
0
0
0
0
0
0
0
0
0
0
0
0
0
0
0
0
0
0
0
0
0
0
0
0
0
0
4917
11706
8942
1058
15495
6354
1993
2324
2324
2324
2324
2324
2324
2324
2324
0
0
0
0
0
0
0
0
0
0
0
0
0
0
0
0
0
0
0
0
0
0
0
0
0
0
0
0
0
0
0
0
0
0
0
0
0
0
0
0
0
0
0
0
0
0
0
0
0
0
0
0
0
0
0
0
0
0
0
0
0
0
0
0
0
0
0
0
0
0
0
0
0
0
0
0
0
0
0
0
0
0
0
0
0
0
0
0
0
0
0
0
0
0
0
0
0
0
0
0
0
0
4917
14975
8942
4013
8076
8497
12331
9672
1022
15078
3869
6591
9138
8944
1972
16497
1439
3261
6055
2324
2324
2324
2324
2324
2324
2324
2324
2324
2324
2324
2324
2324
2324
2324
2324
2324
2324
2324
0
0
0
0
0
0
0
0
0
0
0
0
0
0
0
0
0
0
0
0
0
0
0
0
0
0
0
0
0
0
0
0
0
0
0
0
0
0
0
0
0
0
0
0
0
0
0
0
0
0
0
0
0
0
0
0
0
0
0
0
0
0
0
0
0
0
0
0
0
0
0
0
0
0
0
0
0
0
0
2006
14898
9957
13784
5625
13648
14326
6889
3454
4917
10840
7060
2242
3261
4917
8159
1972
6443
15576
6498
13339
2009
15118
11648
2324
2324
2324
2324
2324
2324
2324
2324
2324
2324
2324
2324
2324
2324
2324
2324
2324
2324
2324
2324
2324
2324
2324
2324
2324
0
0
0
0
0
0
0
0
0
0
0
0
0
0
0
0
0
0
0
0
0
0
0
0
0
0
0
0
0
0
0
0
0
0
0
0
0
0
0
0
0
0
0
0
0
0
0
0
0
0
0
0
0
0
0
0
0
0
0
0
0
0
0
0
0
0
0
0
12818
7125
12178
12475
2324
2324
2324
2324
2324
2324
0
0
0
0
0
0
0
0
0
0
0
0
0
0
0
0
0
0
0
0
0
0
0
0
0
0
0
0
0
0
0
0
0
0
0
0
0
0
0
0
0
0
0
0
0
0
0
0
0
0
0
0
0
0
0
0
0
0
0
0
0
0
0
0
0
0
0
0
0
0
0
0
0
0
0
0
0
0
0
0
0
0
0
0
0
0
0
0
0
0
0
0
0
0
0
0
0
0
0
0
0
0
0
0
0
0
0
16352
3261
8944
8942
11514
3261
2826
3287
14613
9251
10255
13234
4536
8497
6889
4917
1393
12557
2896
2212
2009
8050
14398
6443
9102
5641
15797
2324
2324
2324
2324
2324
2324
2324
2324
2324
2324
2324
2324
2324
2324
2324
2324
2324
2324
2324
2324
2324
2324
2324
2324
2324
2324
2324
2324
0
0
0
0
0
0
0
0
0
0
0
0
0
0
0
0
0
0
0
0
0
0
0
0
0
0
0
0
0
0
0
0
0
0
0
0
0
0
0
0
0
0
0
0
0
0
0
0
0
0
0
0
0
0
0
0
0
0
0
0
0
0
14438
15159
1557
14613
5250
14843
8497
12331
8944
806
4665
9838
10261
12178
7557
8944
9565
2324
2324
2324
2324
2324
2324
2324
2324
2324
2324
2324
2324
2324
2324
2324
2324
2324
2324
0
0
0
0
0
0
0
0
0
0
0
0
0
0
0
0
0
0
0
0
0
0
0
0
0
0
0
0
0
0
0
0
0
0
0
0
0
0
0
0
0
0
0
0
0
0
0
0
0
0
0
0
0
0
0
0
0
0
0
0
0
0
0
0
0
0
0
0
0
0
0
0
0
0
0
0
0
0
0
0
0
0
4917
10284
8942
14554
6443
9690
6668
8556
3906
8497
12331
8944
6035
10845
7957
709
14613
11201
6247
2763
2324
2324
2324
2324
2324
2324
2324
2324
2324
2324
2324
2324
2324
2324
2324
2324
2324
2324
2324
2324
2324
0
0
0
0
0
0
0
0
0
0
0
0
0
0
0
0
0
0
0
0
0
0
0
0
0
0
0
0
0
0
0
0
0
0
0
0
0
0
0
0
0
0
0
0
0
0
0
0
0
0
0
0
0
0
0
0
0
0
0
0
0
0
0
0
0
0
0
0
0
0
0
0
0
0
0
0
4917
10964
8942
8951
10845
8798
14484
8497
14613
4917
10284
6035
10792
13652
15159
1270
12429
12153
15935
14613
1875
12764
5625
8294
6443
3276
12460
13998
12016
15118
14413
1940
9672
14531
13357
3455
8906
4419
2324
2324
2324
2324
2324
2324
2324
2324
2324
2324
2324
2324
2324
2324
2324
2324
2324
2324
2324
2324
2324
2324
2324
2324
2324
2324
2324
2324
2324
2324
2324
2324
2324
2324
2324
2324
2324
0
0
0
0
0
0
0
0
0
0
0
0
0
0
0
0
0
0
0
0
0
0
0
0
0
0
0
0
0
0
0
0
0
0
0
0
0
0
0
0
0
0
2006
9075
2231
12331
5624
11995
9437
2324
2324
2324
2324
2324
2324
2324
2324
0
0
0
0
0
0
0
0
0
0
0
0
0
0
0
0
0
0
0
0
0
0
0
0
0
0
0
0
0
0
0
0
0
0
0
0
0
0
0
0
0
0
0
0
0
0
0
0
0
0
0
0
0
0
0
0
0
0
0
0
0
0
0
0
0
0
0
0
0
0
0
0
0
0
0
0
0
0
0
0
0
0
0
0
0
0
0
0
0
0
0
0
0
0
0
0
0
0
0
0
0
0
3253
8942
1255
6443
3276
14451
2638
1597
4917
3966
14613
4917
14
15159
1270
12581
8497
16074
5843
8958
4917
14975
6035
6443
9690
13042
2324
2324
2324
2324
2324
2324
2324
2324
2324
2324
2324
2324
2324
2324
2324
2324
2324
2324
2324
2324
2324
2324
2324
2324
2324
2324
0
0
0
0
0
0
0
0
0
0
0
0
0
0
0
0
0
0
0
0
0
0
0
0
0
0
0
0
0
0
0
0
0
0
0
0
0
0
0
0
0
0
0
0
0
0
0
0
0
0
0
0
0
0
0
0
0
0
0
0
0
0
0
0
0
6443
1569
8497
3717
8459
2009
498
7031
12206
8944
204
1972
4917
15842
13537
485
2324
2324
2324
2324
2324
2324
2324
2324
2324
2324
2324
2324
2324
2324
2324
2324
2324
0
0
0
0
0
0
0
0
0
0
0
0
0
0
0
0
0
0
0
0
0
0
0
0
0
0
0
0
0
0
0
0
0
0
0
0
0
0
0
0
0
0
0
0
0
0
0
0
0
0
0
0
0
0
0
0
0
0
0
0
0
0
0
0
0
0
0
0
0
0
0
0
0
0
0
0
0
0
0
0
0
0
0
0
10401
14613
10286
8497
10645
8942
10920
1972
1230
13663
5625
8497
13928
8497
2407
12818
13148
12178
8965
4917
10284
8294
6443
13593
10583
2324
2324
2324
2324
2324
2324
2324
2324
2324
2324
2324
2324
2324
2324
2324
2324
2324
2324
2324
2324
2324
2324
2324
2324
2324
2324
0
0
0
0
0
0
0
0
0
0
0
0
0
0
0
0
0
0
0
0
0
0
0
0
0
0
0
0
0
0
0
0
0
0
0
0
0
0
0
0
0
0
0
0
0
0
0
0
0
0
0
0
0
0
0
0
0
0
0
0
0
0
0
0
0
0
4917
10284
8600
15935
2007
15194
12331
7026
14613
15419
8975
2936
15796
3261
2973
1895
2324
2324
2324
2324
2324
2324
2324
2324
2324
2324
2324
2324
2324
2324
2324
2324
2324
2324
0
0
0
0
0
0
0
0
0
0
0
0
0
0
0
0
0
0
0
0
0
0
0
0
0
0
0
0
0
0
0
0
0
0
0
0
0
0
0
0
0
0
0
0
0
0
0
0
0
0
0
0
0
0
0
0
0
0
0
0
0
0
0
0
0
0
0
0
0
0
0
0
0
0
0
0
0
0
0
0
0
0
0
8958
3253
15876
2638
8942
10792
12178
2896
6443
13250
8497
14854
7275
8944
6001
8497
12837
15935
14554
4917
10625
3674
8497
14613
9010
6618
4917
7350
1058
3934
6354
2324
2324
2324
2324
2324
2324
2324
2324
2324
2324
2324
2324
2324
2324
2324
2324
2324
2324
2324
2324
2324
2324
2324
2324
2324
2324
2324
2324
2324
2324
2324
2324
0
0
0
0
0
0
0
0
0
0
0
0
0
0
0
0
0
0
0
0
0
0
0
0
0
0
0
0
0
0
0
0
0
0
0
0
0
0
0
0
0
0
0
0
0
0
0
0
0
0
0
0
0
0
12331
2006
98
12178
15696
6536
4917
14092
3261
1940
13167
9191
2750
6035
10284
11255
10566
5169
2324
2324
2324
2324
2324
2324
2324
2324
2324
2324
2324
2324
2324
2324
2324
2324
2324
2324
2324
0
0
0
0
0
0
0
0
0
0
0
0
0
0
0
0
0
0
0
0
0
0
0
0
0
0
0
0
0
0
0
0
0
0
0
0
0
0
0
0
0
0
0
0
0
0
0
0
0
0
0
0
0
0
0
0
0
0
0
0
0
0
0
0
0
0
0
0
0
0
0
0
0
0
0
0
0
0
0
0
2007
631
2913
9760
15621
11255
15624
8324
4093
7884
1180
4917
5975
3261
6240
5873
14613
11315
2913
1864
3742
8497
6240
6035
6084
8942
9565
12331
15118
3600
4702
8942
12212
2324
2324
2324
2324
2324
2324
2324
2324
2324
2324
2324
2324
2324
2324
2324
2324
2324
2324
2324
2324
2324
2324
2324
2324
2324
2324
2324
2324
2324
2324
2324
2324
2324
0
0
0
0
0
0
0
0
0
0
0
0
0
0
0
0
0
0
0
0
0
0
0
0
0
0
0
0
0
0
0
0
0
0
0
0
0
0
0
0
0
0
0
0
0
0
0
0
0
0
0
12266
8944
5296
6443
6247
15819
3726
2009
12617
8497
3253
847
13507
6035
3062
6864
8497
3035
131
8497
14613
10625
5477
15191
15159
11201
13009
2324
2324
2324
2324
2324
2324
2324
2324
2324
2324
2324
2324
2324
2324
2324
2324
2324
2324
2324
2324
2324
2324
2324
2324
2324
2324
0
0
0
0
0
0
0
0
0
0
0
0
0
0
0
0
0
0
0
0
0
0
0
0
0
0
0
0
0
0
0
0
0
0
0
0
0
0
0
0
0
0
0
0
0
0
0
0
0
0
0
0
0
0
0
0
0
0
0
0
0
0
0
0
13928
8497
4917
13442
2574
12178
7910
9299
2324
2324
2324
2324
2324
2324
2324
2324
2324
0
0
0
0
0
0
0
0
0
0
0
0
0
0
0
0
0
0
0
0
0
0
0
0
0
0
0
0
0
0
0
0
0
0
0
0
0
0
0
0
0
0
0
0
0
0
0
0
0
0
0
0
0
0
0
0
0
0
0
0
0
0
0
0
0
0
0
0
0
0
0
0
0
0
0
0
0
0
0
0
0
0
0
0
0
0
0
0
0
0
0
0
0
0
0
0
0
0
0
0
4917
10284
8258
4917
8724
11217
3261
10566
3261
3054
15805
1972
2624
2388
3261
9879
14613
572
2324
2324
2324
2324
2324
2324
2324
2324
2324
2324
2324
2324
2324
2324
2324
2324
2324
0
0
0
0
0
0
0
0
0
0
0
0
0
0
0
0
0
0
0
0
0
0
0
0
0
0
0
0
0
0
0
0
0
0
0
0
0
0
0
0
0
0
0
0
0
0
0
0
0
0
0
0
0
0
0
0
0
0
0
0
0
0
0
0
0
0
0
0
0
0
0
0
0
0
0
0
0
0
0
0
0
0
6443
6247
2864
12331
13816
10845
8671
9535
6443
14368
8159
3261
7095
12331
15074
2212
2324
2324
2324
2324
2324
2324
2324
2324
2324
2324
2324
2324
2324
2324
2324
2324
2324
2324
0
0
0
0
0
0
0
0
0
0
0
0
0
0
0
0
0
0
0
0
0
0
0
0
0
0
0
0
0
0
0
0
0
0
0
0
0
0
0
0
0
0
0
0
0
0
0
0
0
0
0
0
0
0
0
0
0
0
0
0
0
0
0
0
0
0
0
0
0
0
0
0
0
0
0
0
0
0
0
0
0
0
0
4917
10284
13982
11206
14398
4917
10043
845
1376
3261
2213
2625
8497
15021
9777
14613
4562
9517
12178
1023
4917
5339
3261
8798
14484
860
8427
2324
2324
2324
2324
2324
2324
2324
2324
2324
2324
2324
2324
2324
2324
2324
2324
2324
2324
2324
2324
2324
2324
2324
2324
2324
2324
2324
2324
2324
0
0
0
0
0
0
0
0
0
0
0
0
0
0
0
0
0
0
0
0
0
0
0
0
0
0
0
0
0
0
0
0
0
0
0
0
0
0
0
0
0
0
0
0
0
0
0
0
0
0
0
0
0
0
0
0
0
0
0
0
0
6443
9506
3261
4917
8126
13059
3261
1151
14613
9159
14613
5411
4746
1972
6443
404
6035
5701
13679
2324
2324
2324
2324
2324
2324
2324
2324
2324
2324
2324
2324
2324
2324
2324
2324
2324
2324
2324
2324
0
0
0
0
0
0
0
0
0
0
0
0
0
0
0
0
0
0
0
0
0
0
0
0
0
0
0
0
0
0
0
0
0
0
0
0
0
0
0
0
0
0
0
0
0
0
0
0
0
0
0
0
0
0
0
0
0
0
0
0
0
0
0
0
0
0
0
0
0
0
0
0
0
0
0
0
0
0
1058
8944
6035
6354
16315
12178
9851
6536
4917
7751
13961
3261
6580
3003
8497
12980
2335
12099
6694
14613
4590
12572
10986
3261
16160
2324
2324
2324
2324
2324
2324
2324
2324
2324
2324
2324
2324
2324
2324
2324
2324
2324
2324
2324
2324
2324
2324
2324
2324
2324
2324
0
0
0
0
0
0
0
0
0
0
0
0
0
0
0
0
0
0
0
0
0
0
0
0
0
0
0
0
0
0
0
0
0
0
0
0
0
0
0
0
0
0
0
0
0
0
0
0
0
0
0
0
0
0
0
0
0
0
0
0
0
0
0
0
0
0
4917
15677
11851
779
4917
12929
3034
3261
4917
2057
14613
8497
15813
8497
9052
845
14066
14613
1081
13953
667
2009
4917
13284
2324
2324
2324
2324
2324
2324
2324
2324
2324
2324
2324
2324
2324
2324
2324
2324
2324
2324
2324
2324
2324
2324
2324
2324
2324
0
0
0
0
0
0
0
0
0
0
0
0
0
0
0
0
0
0
0
0
0
0
0
0
0
0
0
0
0
0
0
0
0
0
0
0
0
0
0
0
0
0
0
0
0
0
0
0
0
0
0
0
0
0
0
0
0
0
0
0
0
0
0
0
0
0
0
0
4917
5002
8942
1598
14398
4917
2411
5625
16072
8951
4917
44
8497
16317
8951
4917
3604
14613
669
8951
4917
10475
15159
16599
2763
2324
2324
2324
2324
2324
2324
2324
2324
2324
2324
2324
2324
2324
2324
2324
2324
2324
2324
2324
2324
2324
2324
2324
2324
2324
2324
0
0
0
0
0
0
0
0
0
0
0
0
0
0
0
0
0
0
0
0
0
0
0
0
0
0
0
0
0
0
0
0
0
0
0
0
0
0
0
0
0
0
0
0
0
0
0
0
0
0
0
0
0
0
0
0
0
0
0
0
0
0
0
0
0
0
4917
361
4526
9040
3261
2006
13899
14501
6886
2006
4183
7352
11800
16095
2324
2324
2324
2324
2324
2324
2324
2324
2324
2324
2324
2324
2324
2324
2324
0
0
0
0
0
0
0
0
0
0
0
0
0
0
0
0
0
0
0
0
0
0
0
0
0
0
0
0
0
0
0
0
0
0
0
0
0
0
0
0
0
0
0
0
0
0
0
0
0
0
0
0
0
0
0
0
0
0
0
0
0
0
0
0
0
0
0
0
0
0
0
0
0
0
0
0
0
0
0
0
0
0
0
0
0
0
0
0
12331
8944
5049
6443
5685
860
2335
11402
9140
3785
2324
2324
2324
2324
2324
2324
2324
2324
2324
2324
2324
0
0
0
0
0
0
0
0
0
0
0
0
0
0
0
0
0
0
0
0
0
0
0
0
0
0
0
0
0
0
0
0
0
0
0
0
0
0
0
0
0
0
0
0
0
0
0
0
0
0
0
0
0
0
0
0
0
0
0
0
0
0
0
0
0
0
0
0
0
0
0
0
0
0
0
0
0
0
0
0
0
0
0
0
0
0
0
0
0
0
0
0
0
0
0
0
9672
10625
8497
4418
1409
2324
2324
2324
2324
2324
2324
0
0
0
0
0
0
0
0
0
0
0
0
0
0
0
0
0
0
0
0
0
0
0
0
0
0
0
0
0
0
0
0
0
0
0
0
0
0
0
0
0
0
0
0
0
0
0
0
0
0
0
0
0
0
0
0
0
0
0
0
0
0
0
0
0
0
0
0
0
0
0
0
0
0
0
0
0
0
0
0
0
0
0
0
0
0
0
0
0
0
0
0
0
0
0
0
0
0
0
0
0
0
0
0
0
0
14438
15159
1176
5625
2395
4917
9069
3261
8294
4917
10840
14483
7501
15774
14613
3253
5078
1421
3261
4419
2324
2324
2324
2324
2324
2324
2324
2324
2324
2324
2324
2324
2324
2324
2324
2324
2324
2324
2324
2324
2324
0
0
0
0
0
0
0
0
0
0
0
0
0
0
0
0
0
0
0
0
0
0
0
0
0
0
0
0
0
0
0
0
0
0
0
0
0
0
0
0
0
0
0
0
0
0
0
0
0
0
0
0
0
0
0
0
0
0
0
0
0
0
0
0
0
0
0
0
0
0
0
0
0
0
0
0
2571
2423
4541
15655
3599
7031
7373
11125
5791
7209
14613
13597
12331
8497
13427
8148
8727
2936
9062
9446
8497
8602
2913
10736
8497
8944
6035
10437
14613
7209
6035
8987
12298
8204
7070
8521
10197
2324
2324
2324
2324
2324
2324
2324
2324
2324
2324
2324
2324
2324
2324
2324
2324
2324
2324
2324
2324
2324
2324
2324
2324
2324
2324
2324
2324
2324
2324
2324
2324
2324
2324
2324
2324
2324
0
0
0
0
0
0
0
0
0
0
0
0
0
0
0
0
0
0
0
0
0
0
0
0
0
0
0
0
0
0
0
0
0
0
0
0
0
0
0
0
0
0
0
3488
5922
8497
1972
16352
4917
2641
8497
16352
4917
11594
8497
655
3861
11497
8497
1651
3119
8427
2324
2324
2324
2324
2324
2324
2324
2324
2324
2324
2324
2324
2324
2324
2324
2324
2324
2324
2324
2324
0
0
0
0
0
0
0
0
0
0
0
0
0
0
0
0
0
0
0
0
0
0
0
0
0
0
0
0
0
0
0
0
0
0
0
0
0
0
0
0
0
0
0
0
0
0
0
0
0
0
0
0
0
0
0
0
0
0
0
0
0
0
0
0
0
0
0
0
0
0
0
0
0
0
0
0
0
0
2212
6443
2677
3261
3078
8497
8174
15709
12636
528
4917
7266
8497
7517
290
9448
2140
4917
2884
6788
10333
2324
2324
2324
2324
2324
2324
2324
2324
2324
2324
2324
2324
2324
2324
2324
2324
2324
2324
2324
2324
0
0
0
0
0
0
0
0
0
0
0
0
0
0
0
0
0
0
0
0
0
0
0
0
0
0
0
0
0
0
0
0
0
0
0
0
0
0
0
0
0
0
0
0
0
0
0
0
0
0
0
0
0
0
0
0
0
0
0
0
0
0
0
0
0
0
0
0
0
0
0
0
0
0
0
0
7283
6443
9690
3261
4917
13556
5625
2827
11851
860
4917
815
5432
3261
16011
10350
14613
4917
2538
8798
16273
10380
14613
7029
8965
8951
4917
3508
3261
4004
4419
10625
2324
2324
2324
2324
2324
2324
2324
2324
2324
2324
2324
2324
2324
2324
2324
2324
2324
2324
2324
2324
2324
2324
2324
2324
2324
2324
2324
2324
2324
2324
2324
2324
2324
2324
0
0
0
0
0
0
0
0
0
0
0
0
0
0
0
0
0
0
0
0
0
0
0
0
0
0
0
0
0
0
0
0
0
0
0
0
0
0
0
0
0
0
0
0
0
0
0
0
0
0
0
4917
5733
9664
5625
3455
818
8965
4419
3861
9565
528
4432
12791
15159
8942
860
4419
12178
9851
2158
12781
2936
6443
14560
8497
9933
1084
2324
2324
2324
2324
2324
2324
2324
2324
2324
2324
2324
2324
2324
2324
2324
2324
2324
2324
2324
2324
2324
2324
2324
2324
2324
2324
2324
2324
0
0
0
0
0
0
0
0
0
0
0
0
0
0
0
0
0
0
0
0
0
0
0
0
0
0
0
0
0
0
0
0
0
0
0
0
0
0
0
0
0
0
0
0
0
0
0
0
0
0
0
0
0
0
0
0
0
0
0
0
0
0
3253
2516
8180
15718
8942
14597
11255
4917
5733
9664
224
1972
4917
13881
3298
8559
8849
8497
12331
8148
6035
4917
10840
11568
1421
2324
2324
2324
2324
2324
2324
2324
2324
2324
2324
2324
2324
2324
2324
2324
2324
2324
2324
2324
2324
2324
2324
2324
2324
2324
0
0
0
0
0
0
0
0
0
0
0
0
0
0
0
0
0
0
0
0
0
0
0
0
0
0
0
0
0
0
0
0
0
0
0
0
0
0
0
0
0
0
0
0
0
0
0
0
0
0
0
0
0
0
0
0
0
0
0
0
0
0
0
0
0
0
0
7955
12206
4917
8306
3920
14613
5452
1151
4917
845
3674
2324
2324
2324
2324
2324
2324
2324
2324
2324
2324
2324
2324
0
0
0
0
0
0
0
0
0
0
0
0
0
0
0
0
0
0
0
0
0
0
0
0
0
0
0
0
0
0
0
0
0
0
0
0
0
0
0
0
0
0
0
0
0
0
0
0
0
0
0
0
0
0
0
0
0
0
0
0
0
0
0
0
0
0
0
0
0
0
0
0
0
0
0
0
0
0
0
0
0
0
0
0
0
0
0
0
0
0
0
0
0
0
7970
12099
8497
6866
16412
8944
8942
4269
3261
2335
16493
14475
3261
4917
11904
2324
2324
2324
2324
2324
2324
2324
2324
2324
2324
2324
2324
2324
2324
2324
2324
0
0
0
0
0
0
0
0
0
0
0
0
0
0
0
0
0
0
0
0
0
0
0
0
0
0
0
0
0
0
0
0
0
0
0
0
0
0
0
0
0
0
0
0
0
0
0
0
0
0
0
0
0
0
0
0
0
0
0
0
0
0
0
0
0
0
0
0
0
0
0
0
0
0
0
0
0
0
0
0
0
0
0
0
0
0
978
5625
6443
2638
12273
16568
8942
5486
4917
10043
9664
2007
6443
10625
2638
2324
2324
2324
2324
2324
2324
2324
2324
2324
2324
2324
2324
2324
2324
2324
2324
0
0
0
0
0
0
0
0
0
0
0
0
0
0
0
0
0
0
0
0
0
0
0
0
0
0
0
0
0
0
0
0
0
0
0
0
0
0
0
0
0
0
0
0
0
0
0
0
0
0
0
0
0
0
0
0
0
0
0
0
0
0
0
0
0
0
0
0
0
0
0
0
0
0
0
0
0
0
0
0
0
0
0
0
0
0
13829
7614
8181
8497
12331
8317
10210
14613
15113
2324
2324
2324
2324
2324
2324
2324
2324
2324
2324
0
0
0
0
0
0
0
0
0
0
0
0
0
0
0
0
0
0
0
0
0
0
0
0
0
0
0
0
0
0
0
0
0
0
0
0
0
0
0
0
0
0
0
0
0
0
0
0
0
0
0
0
0
0
0
0
0
0
0
0
0
0
0
0
0
0
0
0
0
0
0
0
0
0
0
0
0
0
0
0
0
0
0
0
0
0
0
0
0
0
0
0
0
0
0
0
0
0
7955
5078
12064
12178
12975
8944
4764
1972
2006
7700
14561
3261
3941
14413
3094
2324
2324
2324
2324
2324
2324
2324
2324
2324
2324
2324
2324
2324
2324
2324
2324
0
0
0
0
0
0
0
0
0
0
0
0
0
0
0
0
0
0
0
0
0
0
0
0
0
0
0
0
0
0
0
0
0
0
0
0
0
0
0
0
0
0
0
0
0
0
0
0
0
0
0
0
0
0
0
0
0
0
0
0
0
0
0
0
0
0
0
0
0
0
0
0
0
0
0
0
0
0
0
0
0
0
0
0
0
0
6365
8497
2516
10749
14613
13488
8926
12178
6883
2009
8497
8944
6035
12206
6443
318
3261
13221
14606
16328
1176
12847
5169
2936
1421
13775
3460
6248
2324
2324
2324
2324
2324
2324
2324
2324
2324
2324
2324
2324
2324
2324
2324
2324
2324
2324
2324
2324
2324
2324
2324
2324
2324
2324
2324
2324
0
0
0
0
0
0
0
0
0
0
0
0
0
0
0
0
0
0
0
0
0
0
0
0
0
0
0
0
0
0
0
0
0
0
0
0
0
0
0
0
0
0
0
0
0
0
0
0
0
0
0
0
0
0
0
0
0
0
0
0
0
4541
8615
6035
6479
9937
9511
2896
14873
528
9784
13790
6035
4906
11828
13858
769
13621
11414
2324
2324
2324
2324
2324
2324
2324
2324
2324
2324
2324
2324
2324
2324
2324
2324
2324
2324
0
0
0
0
0
0
0
0
0
0
0
0
0
0
0
0
0
0
0
0
0
0
0
0
0
0
0
0
0
0
0
0
0
0
0
0
0
0
0
0
0
0
0
0
0
0
0
0
0
0
0
0
0
0
0
0
0
0
0
0
0
0
0
0
0
0
0
0
0
0
0
0
0
0
0
0
0
0
0
0
0
6443
6923
9776
11255
6401
2655
4917
2463
14975
8497
12331
1940
8126
6084
8942
10071
9081
14613
4753
11325
9010
1175
12273
3253
9673
15
14593
8228
5110
10839
15159
5733
15410
2009
2324
2324
2324
2324
2324
2324
2324
2324
2324
2324
2324
2324
2324
2324
2324
2324
2324
2324
2324
2324
2324
2324
2324
2324
2324
2324
2324
2324
2324
2324
2324
2324
2324
2324
0
0
0
0
0
0
0
0
0
0
0
0
0
0
0
0
0
0
0
0
0
0
0
0
0
0
0
0
0
0
0
0
0
0
0
0
0
0
0
0
0
0
0
0
0
0
0
0
0
8944
297
8499
528
1531
2638
9458
5625
3940
10007
15260
6443
7636
8497
10238
10137
2324
2324
2324
2324
2324
2324
2324
2324
2324
2324
2324
2324
2324
2324
0
0
0
0
0
0
0
0
0
0
0
0
0
0
0
0
0
0
0
0
0
0
0
0
0
0
0
0
0
0
0
0
0
0
0
0
0
0
0
0
0
0
0
0
0
0
0
0
0
0
0
0
0
0
0
0
0
0
0
0
0
0
0
0
0
0
0
0
0
0
0
0
0
0
0
0
0
0
0
0
0
0
0
0
0
0
0
8951
6443
9101
1637
3268
8497
5877
8598
12557
2896
2666
9838
12178
6549
2006
13062
14582
14398
4917
13038
9779
2324
2324
2324
2324
2324
2324
2324
2324
2324
2324
2324
2324
2324
2324
2324
2324
2324
2324
2324
2324
2324
2324
0
0
0
0
0
0
0
0
0
0
0
0
0
0
0
0
0
0
0
0
0
0
0
0
0
0
0
0
0
0
0
0
0
0
0
0
0
0
0
0
0
0
0
0
0
0
0
0
0
0
0
0
0
0
0
0
0
0
0
0
0
0
0
0
0
0
0
0
0
0
0
0
0
0
4917
4039
8942
10007
5625
4917
2638
7824
1270
6782
12178
8050
1270
655
2007
5625
8944
7824
6782
12178
8050
6889
10672
8951
1255
954
2007
5625
3369
9142
4917
11853
6055
14613
4917
5564
9820
3261
10113
12651
6443
5438
2324
2324
2324
2324
2324
2324
2324
2324
2324
2324
2324
2324
2324
2324
2324
2324
2324
2324
2324
2324
2324
2324
2324
2324
2324
2324
2324
2324
2324
2324
2324
2324
2324
2324
2324
2324
2324
2324
2324
2324
0
0
0
0
0
0
0
0
0
0
0
0
0
0
0
0
0
0
0
0
0
0
0
0
0
0
0
0
0
0
0
0
0
0
0
8944
6035
14772
12206
6443
10282
7517
10705
8497
15218
14613
2034
2324
2324
2324
2324
2324
2324
2324
2324
2324
2324
2324
2324
2324
2324
0
0
0
0
0
0
0
0
0
0
0
0
0
0
0
0
0
0
0
0
0
0
0
0
0
0
0
0
0
0
0
0
0
0
0
0
0
0
0
0
0
0
0
0
0
0
0
0
0
0
0
0
0
0
0
0
0
0
0
0
0
0
0
0
0
0
0
0
0
0
0
0
0
0
0
0
0
0
0
0
0
0
0
0
0
0
0
0
0
0
0
7955
12557
11851
4687
6443
16514
9142
4917
5491
12178
12599
12984
6035
13357
860
4917
131
8497
14413
12178
2759
5909
6035
11752
1270
7955
3455
409
12178
6443
15241
1972
5002
8497
3941
8497
14613
13464
2324
2324
2324
2324
2324
2324
2324
2324
2324
2324
2324
2324
2324
2324
2324
2324
2324
2324
2324
2324
2324
2324
2324
2324
2324
2324
2324
2324
2324
2324
2324
2324
2324
2324
2324
2324
2324
2324
2324
0
0
0
0
0
0
0
0
0
0
0
0
0
0
0
0
0
0
0
0
0
0
0
0
0
0
0
0
0
0
0
0
0
0
0
0
0
0
0
0
12980
6443
7577
11736
2913
3820
8497
8944
6035
6443
14151
6474
5625
15592
11255
2006
10174
4191
6888
14613
1039
15599
5991
2324
2324
2324
2324
2324
2324
2324
2324
2324
2324
2324
2324
2324
2324
2324
2324
2324
2324
2324
2324
2324
2324
2324
2324
0
0
0
0
0
0
0
0
0
0
0
0
0
0
0
0
0
0
0
0
0
0
0
0
0
0
0
0
0
0
0
0
0
0
0
0
0
0
0
0
0
0
0
0
0
0
0
0
0
0
0
0
0
0
0
0
0
0
0
0
0
0
0
0
0
0
0
0
0
0
8944
6360
3253
8317
8754
13040
14613
15465
8497
8881
6443
9023
3604
14398
8944
8497
7283
8948
9941
14554
16074
15159
7925
12178
8944
14613
8294
12089
1131
2324
2324
2324
2324
2324
2324
2324
2324
2324
2324
2324
2324
2324
2324
2324
2324
2324
2324
2324
2324
2324
2324
2324
2324
2324
2324
2324
2324
2324
0
0
0
0
0
0
0
0
0
0
0
0
0
0
0
0
0
0
0
0
0
0
0
0
0
0
0
0
0
0
0
0
0
0
0
0
0
0
0
0
0
0
0
0
0
0
0
0
0
0
0
0
0
0
0
0
0
0
0
6836
8138
6035
4750
2007
6443
2171
8497
8148
2924
8341
860
33
16288
2936
3253
10670
14613
407
13857
2324
2324
2324
2324
2324
2324
2324
2324
2324
2324
2324
2324
2324
2324
2324
2324
2324
2324
2324
2324
2324
0
0
0
0
0
0
0
0
0
0
0
0
0
0
0
0
0
0
0
0
0
0
0
0
0
0
0
0
0
0
0
0
0
0
0
0
0
0
0
0
0
0
0
0
0
0
0
0
0
0
0
0
0
0
0
0
0
0
0
0
0
0
0
0
0
0
0
0
0
0
0
0
0
0
0
0
6002
12331
7214
6443
1557
8497
7448
8497
4096
8497
1768
14430
14025
9446
9037
4226
5625
12557
2896
2212
2009
8050
14398
4917
2125
1637
12331
860
2335
12263
14208
2324
2324
2324
2324
2324
2324
2324
2324
2324
2324
2324
2324
2324
2324
2324
2324
2324
2324
2324
2324
2324
2324
2324
2324
2324
2324
2324
2324
2324
2324
2324
2324
0
0
0
0
0
0
0
0
0
0
0
0
0
0
0
0
0
0
0
0
0
0
0
0
0
0
0
0
0
0
0
0
0
0
0
0
0
0
0
0
0
0
0
0
0
0
0
0
0
0
0
0
0
0
6443
3177
8754
3940
10007
8965
2982
860
6443
13042
2638
8497
14613
9466
2007
6471
3940
10007
8294
11851
6443
3177
8754
2324
2324
2324
2324
2324
2324
2324
2324
2324
2324
2324
2324
2324
2324
2324
2324
2324
2324
2324
2324
2324
2324
2324
2324
0
0
0
0
0
0
0
0
0
0
0
0
0
0
0
0
0
0
0
0
0
0
0
0
0
0
0
0
0
0
0
0
0
0
0
0
0
0
0
0
0
0
0
0
0
0
0
0
0
0
0
0
0
0
0
0
0
0
0
0
0
0
0
0
0
0
0
0
0
0
6443
6084
10596
13627
8497
6443
4220
3261
9628
8497
14613
6443
4272
9038
14398
15193
8497
11765
8497
14613
8845
2324
2324
2324
2324
2324
2324
2324
2324
2324
2324
2324
2324
2324
2324
2324
2324
2324
2324
2324
2324
2324
2324
0
0
0
0
0
0
0
0
0
0
0
0
0
0
0
0
0
0
0
0
0
0
0
0
0
0
0
0
0
0
0
0
0
0
0
0
0
0
0
0
0
0
0
0
0
0
0
0
0
0
0
0
0
0
0
0
0
0
0
0
0
0
0
0
0
0
0
0
0
0
