12
5
7
3
6
16
24
24
9
8
14
6
8
4
5
15
2
6
8
6
13
19
11
11
30
16
28
7
9
13
7
17
21
6
11
8
14
4
3
9
18
11
4
16
5
6
14
19
4
10
4
5
4
7
10
14
28
12
13
16
9
6
6
19
17
14
3
18
14
17
32
4
31
5
16
27
23
8
7
6
16
15
5
4
4
11
4
6
8
14
5
26
20
5
17
5
4
26
18
18
17
8
5
5
12
14
6
16
13
6
29
45
8
22
12
24
13
6
30
5
6
26
5
7
12
32
21
21
13
13
25
10
13
27
13
22
18
7
10
14
6
5
10
19
13
14
9
12
6
14
22
19
13
15
23
13
21
4
3
3
14
8
9
6
6
11
21
8
16
23
12
7
5
18
18
13
7
9
11
16
18
12
16
13
5
11
3
5
8
10
7
38
19
17
15
11
5
7
31
3
22
23
3
8
10
12
24
11
19
30
24
11
6
5
5
6
11
21
12
32
5
13
6
11
24
19
5
11
28
11
5
29
7
23
12
18
10
7
23
17
33
8
9
22
22
4
6
17
5
9
3
8
17
6
16
21
3
25
18
10
12
28
13
36
14
7
15
14
7
24
14
12
7
4
7
5
8
16
22
13
6
18
10
31
4
4
11
8
4
5
9
24
9
6
15
25
18
11
21
7
13
11
12
10
11
17
11
12
5
6
12
23
4
29
37
18
9
10
6
9
20
9
7
5
5
9
24
11
17
8
25
6
9
5
6
24
11
11
7
33
14
7
9
7
18
4
10
10
20
14
3
9
9
16
8
10
5
6
11
18
6
2
6
30
17
4
7
5
23
17
5
26
7
15
14
8
7
5
3
8
9
36
6
26
16
20
28
8
7
3
19
19
15
17
17
4
17
13
28
2
3
9
9
16
8
10
5
6
11
18
6
2
6
30
17
4
7
5
23
17
5
26
7
15
14
8
7
5
3
8
9
36
6
26
16
20
28
8
7
3
19
19
15
17
17
4
17
13
28
2
14
20
13
18
25
14
6
7
11
5
10
5
5
25
7
21
4
4
6
22
6
9
21
16
13
6
27
19
3
7
8
6
16
12
10
35
10
14
10
8
29
12
12
6
14
4
4
6
6
2
10
19
8
17
22
8
29
6
5
6
8
18
8
15
14
9
5
5
23
25
6
4
9
16
8
4
9
4
7
26
4
19
8
9
4
4
12
31
6
18
21
8
10
6
6
5
21
20
18
4
17
22
6
9
5
7
33
20
6
4
21
13
13
5
19
10
5
8
32
8
19
10
8
3
16
21
20
35
18
11
10
5
14
5
19
19
11
20
27
5
7
11
6
29
10
9
11
6
5
4
7
10
14
7
8
15
23
5
6
9
17
11
8
4
5
33
5
16
10
10
7
12
14
8
4
12
5
7
4
13
19
20
9
12
21
14
9
10
6
27
17
19
5
31
13
4
10
11
13
4
8
5
9
4
39
14
6
6
5
4
3
15
33
7
7
5
4
14
33
7
4
9
20
3
18
28
17
18
9
13
22
10
4
5
28
12
9
15
8
16
14
7
19
13
39
14
14
26
24
16
7
6
7
12
5
31
17
24
20
8
12
13
13
38
25
14
17
6
7
47
4
12
19
10
5
4
22
8
4
27
24
20
9
6
30
8
12
9
10
7
6
32
24
6
11
22
31
36
6
4
